195.49567,834.0
195.765095591,832.0
196.034514361,834.0
196.30392631,819.0
196.573331437,810.0
196.84272974,822.0
197.112121217,835.0
197.381505868,831.0
197.65088369,830.0
197.920254683,826.0
198.189618846,831.0
198.458976176,830.0
198.728326672,813.0
198.997670334,821.0
199.267007159,825.0
199.536337147,831.0
199.805660296,845.0
200.074976604,832.0
200.344286071,831.0
200.613588695,840.0
200.882884474,830.0
201.152173407,828.0
201.421455493,837.0
201.690730731,841.0
201.959999119,836.0
202.229260655,826.0
202.498515339,834.0
202.767763169,849.0
203.037004143,852.0
203.306238261,842.0
203.575465521,848.0
203.844685921,837.0
204.11389946,820.0
204.383106137,830.0
204.652305951,838.0
204.9214989,837.0
205.190684982,836.0
205.459864197,830.0
205.729036543,837.0
205.998202019,842.0
206.267360622,842.0
206.536512353,838.0
206.805657209,830.0
207.07479519,837.0
207.343926293,834.0
207.613050518,829.0
207.882167863,825.0
208.151278326,830.0
208.420381907,830.0
208.689478604,825.0
208.958568415,836.0
209.22765134,854.0
209.496727377,834.0
209.765796524,829.0
210.034858781,835.0
210.303914145,830.0
210.572962616,834.0
210.842004192,830.0
211.111038871,833.0
211.380066653,827.0
211.649087536,843.0
211.918101519,836.0
212.1871086,822.0
212.456108778,835.0
212.725102051,839.0
212.994088419,840.0
213.263067879,840.0
213.532040431,830.0
213.801006073,837.0
214.069964803,845.0
214.338916621,842.0
214.607861525,830.0
214.876799514,828.0
215.145730586,839.0
215.41465474,834.0
215.683571974,830.0
215.952482288,842.0
216.221385679,837.0
216.490282147,837.0
216.75917169,843.0
217.028054307,826.0
217.296929996,838.0
217.565798756,837.0
217.834660586,835.0
218.103515483,836.0
218.372363448,843.0
218.641204479,836.0
218.910038573,831.0
219.178865731,837.0
219.44768595,837.0
219.716499229,838.0
219.985305567,830.0
220.254104962,832.0
220.522897413,827.0
220.791682918,842.0
221.060461477,838.0
221.329233088,832.0
221.59799775,844.0
221.866755461,844.0
222.135506219,853.0
222.404250024,842.0
222.672986874,838.0
222.941716768,829.0
223.210439704,848.0
223.479155681,843.0
223.747864698,835.0
224.016566753,836.0
224.285261845,835.0
224.553949972,838.0
224.822631134,836.0
225.091305329,840.0
225.359972555,845.0
225.628632811,844.0
225.897286096,838.0
226.165932408,844.0
226.434571746,847.0
226.703204109,854.0
226.971829495,829.0
227.240447903,833.0
227.509059331,831.0
227.777663779,824.0
228.046261245,828.0
228.314851727,817.0
228.583435224,832.0
228.852011735,819.0
229.120581258,818.0
229.389143792,850.0
229.657699336,842.0
229.926247888,830.0
230.194789447,827.0
230.463324012,823.0
230.73185158,846.0
231.000372152,845.0
231.268885725,848.0
231.537392298,845.0
231.80589187,837.0
232.074384439,846.0
232.342870005,836.0
232.611348564,833.0
232.879820118,833.0
233.148284663,833.0
233.416742198,843.0
233.685192723,841.0
233.953636236,837.0
234.222072735,827.0
234.490502219,844.0
234.758924687,843.0
235.027340137,837.0
235.295748568,834.0
235.564149979,834.0
235.832544368,816.0
236.100931735,822.0
236.369312076,834.0
236.637685392,834.0
236.906051681,830.0
237.174410941,833.0
237.442763171,828.0
237.71110837,837.0
237.979446536,841.0
238.247777669,834.0
238.516101766,831.0
238.784418826,842.0
239.052728848,832.0
239.321031831,826.0
239.589327772,842.0
239.857616672,850.0
240.125898528,840.0
240.394173339,838.0
240.662441104,837.0
240.930701822,831.0
241.19895549,830.0
241.467202108,834.0
241.735441674,828.0
242.003674187,843.0
242.271899646,838.0
242.540118049,842.0
242.808329395,829.0
243.076533682,826.0
243.344730909,837.0
243.612921075,841.0
243.881104178,857.0
244.149280218,844.0
244.417449192,846.0
244.685611099,839.0
244.953765938,836.0
245.221913708,830.0
245.490054407,832.0
245.758188033,853.0
246.026314587,848.0
246.294434065,828.0
246.562546467,841.0
246.830651791,831.0
247.098750037,838.0
247.366841202,843.0
247.634925285,828.0
247.903002285,826.0
248.171072201,843.0
248.439135031,835.0
248.707190774,843.0
248.975239428,843.0
249.243280992,839.0
249.511315465,837.0
249.779342845,825.0
250.047363132,821.0
250.315376323,829.0
250.583382417,830.0
250.851381413,850.0
251.11937331,855.0
251.387358106,842.0
251.6553358,826.0
251.92330639,833.0
252.191269875,838.0
252.459226254,831.0
252.727175526,834.0
252.995117688,833.0
253.26305274,846.0
253.53098068,841.0
253.798901508,847.0
254.06681522,839.0
254.334721817,830.0
254.602621297,829.0
254.870513658,828.0
255.1383989,823.0
255.40627702,838.0
255.674148017,840.0
255.942011891,833.0
256.209868639,844.0
256.47771826,833.0
256.745560753,831.0
257.013396117,824.0
257.28122435,821.0
257.549045451,830.0
257.816859418,848.0
258.08466625,830.0
258.352465946,826.0
258.620258505,824.0
258.888043924,838.0
259.155822203,835.0
259.423593341,842.0
259.691357335,831.0
259.959114185,836.0
260.226863889,832.0
260.494606445,826.0
260.762341854,818.0
261.030070112,844.0
261.297791219,846.0
261.565505173,836.0
261.833211974,820.0
262.100911619,823.0
262.368604107,833.0
262.636289437,833.0
262.903967608,840.0
263.171638618,835.0
263.439302466,836.0
263.70695915,838.0
263.97460867,846.0
264.242251023,830.0
264.509886208,831.0
264.777514225,838.0
265.045135071,831.0
265.312748745,838.0
265.580355246,829.0
265.847954573,842.0
266.115546724,840.0
266.383131698,828.0
266.650709493,836.0
266.918280108,846.0
267.185843543,836.0
267.453399794,837.0
267.720948861,825.0
267.988490743,834.0
268.256025439,825.0
268.523552946,820.0
268.791073264,833.0
269.058586391,834.0
269.326092326,831.0
269.593591067,821.0
269.861082613,821.0
270.128566963,837.0
270.396044116,833.0
270.663514069,831.0
270.930976822,825.0
271.198432374,825.0
271.465880722,833.0
271.733321866,838.0
272.000755804,832.0
272.268182535,829.0
272.535602057,835.0
272.803014369,837.0
273.07041947,821.0
273.337817359,827.0
273.605208033,825.0
273.872591492,818.0
274.139967734,819.0
274.407336759,844.0
274.674698564,828.0
274.942053148,843.0
275.209400509,827.0
275.476740648,828.0
275.744073561,838.0
276.011399248,846.0
276.278717707,830.0
276.546028938,831.0
276.813332938,838.0
277.080629706,826.0
277.347919242,828.0
277.615201542,842.0
277.882476607,848.0
278.149744435,832.0
278.417005024,817.0
278.684258374,827.0
278.951504482,824.0
279.218743347,820.0
279.485974969,822.0
279.753199345,827.0
280.020416474,818.0
280.287626355,826.0
280.554828987,834.0
280.822024368,834.0
281.089212497,829.0
281.356393372,837.0
281.623566992,836.0
281.890733356,838.0
282.157892463,847.0
282.42504431,846.0
282.692188897,838.0
282.959326223,837.0
283.226456285,844.0
283.493579083,834.0
283.760694615,834.0
284.027802879,844.0
284.294903876,835.0
284.561997602,827.0
284.829084057,829.0
285.096163239,845.0
285.363235148,836.0
285.630299781,846.0
285.897357137,824.0
286.164407215,833.0
286.431450014,825.0
286.698485532,834.0
286.965513768,837.0
287.23253472,836.0
287.499548387,835.0
287.766554768,825.0
288.033553862,812.0
288.300545666,819.0
288.56753018,816.0
288.834507403,824.0
289.101477332,834.0
289.368439966,820.0
289.635395305,834.0
289.902343347,827.0
290.16928409,829.0
290.436217534,823.0
290.703143676,830.0
290.970062515,829.0
291.23697405,837.0
291.50387828,832.0
291.770775204,833.0
292.037664819,828.0
292.304547125,843.0
292.57142212,837.0
292.838289802,835.0
293.105150172,822.0
293.372003226,839.0
293.638848964,836.0
293.905687384,822.0
294.172518486,831.0
294.439342267,843.0
294.706158726,855.0
294.972967862,843.0
295.239769674,830.0
295.50656416,833.0
295.773351318,836.0
296.040131148,828.0
296.306903649,829.0
296.573668818,838.0
296.840426654,833.0
297.107177156,828.0
297.373920323,839.0
297.640656154,842.0
297.907384646,840.0
298.174105798,833.0
298.44081961,823.0
298.70752608,839.0
298.974225206,834.0
299.240916987,843.0
299.507601422,829.0
299.77427851,824.0
300.040948248,834.0
300.307610636,837.0
300.574265672,829.0
300.840913355,834.0
301.107553684,845.0
301.374186657,835.0
301.640812272,824.0
301.90743053,829.0
302.174041427,839.0
302.440644963,829.0
302.707241136,836.0
302.973829945,844.0
303.240411389,835.0
303.506985466,834.0
303.773552176,835.0
304.040111515,839.0
304.306663484,831.0
304.573208081,843.0
304.839745304,838.0
305.106275152,829.0
305.372797624,837.0
305.639312718,843.0
305.905820433,841.0
306.172320768,824.0
306.438813721,835.0
306.705299291,838.0
306.971777477,828.0
307.238248277,823.0
307.504711689,834.0
307.771167714,837.0
308.037616348,840.0
308.304057591,836.0
308.570491441,845.0
308.836917897,832.0
309.103336958,831.0
309.369748622,834.0
309.636152888,846.0
309.902549755,825.0
310.16893922,822.0
310.435321284,836.0
310.701695944,835.0
310.968063199,830.0
311.234423048,837.0
311.500775489,833.0
311.767120521,836.0
312.033458143,837.0
312.299788353,836.0
312.56611115,845.0
312.832426533,843.0
313.0987345,838.0
313.365035049,825.0
313.63132818,838.0
313.897613891,842.0
314.163892181,837.0
314.430163048,839.0
314.696426491,833.0
314.962682509,838.0
315.2289311,825.0
315.495172263,821.0
315.761405997,823.0
316.027632299,826.0
316.29385117,841.0
316.560062607,838.0
316.826266609,824.0
317.092463175,836.0
317.358652303,832.0
317.624833992,831.0
317.891008241,841.0
318.157175048,826.0
318.423334412,826.0
318.689486331,823.0
318.955630805,835.0
319.221767831,850.0
319.487897409,851.0
319.754019537,820.0
320.020134214,839.0
320.286241438,840.0
320.552341208,842.0
320.818433523,838.0
321.084518381,837.0
321.350595781,825.0
321.616665721,836.0
321.882728201,836.0
322.148783218,832.0
322.414830772,830.0
322.680870861,842.0
322.946903484,844.0
323.212928639,837.0
323.478946325,834.0
323.744956541,837.0
324.010959285,827.0
324.276954555,841.0
324.542942352,833.0
324.808922672,839.0
325.074895516,840.0
325.340860881,853.0
325.606818766,848.0
325.872769169,829.0
326.13871209,829.0
326.404647527,838.0
326.670575479,838.0
326.936495944,835.0
327.202408921,828.0
327.468314408,836.0
327.734212404,831.0
328.000102909,837.0
328.26598592,830.0
328.531861435,833.0
328.797729455,837.0
329.063589977,838.0
329.329443,833.0
329.595288523,840.0
329.861126543,834.0
330.126957061,844.0
330.392780075,837.0
330.658595582,836.0
330.924403582,846.0
331.190204074,841.0
331.455997056,828.0
331.721782526,829.0
331.987560484,844.0
332.253330928,842.0
332.519093857,833.0
332.784849269,837.0
333.050597162,846.0
333.316337537,850.0
333.58207039,844.0
333.847795721,837.0
334.113513529,850.0
334.379223812,843.0
334.644926568,840.0
334.910621797,825.0
335.176309497,835.0
335.441989666,834.0
335.707662304,841.0
335.973327409,839.0
336.238984979,833.0
336.504635013,830.0
336.770277511,831.0
337.035912469,823.0
337.301539888,834.0
337.567159765,837.0
337.8327721,821.0
338.098376891,833.0
338.363974136,849.0
338.629563835,839.0
338.895145986,831.0
339.160720587,841.0
339.426287637,842.0
339.691847135,832.0
339.95739908,837.0
340.22294347,833.0
340.488480303,832.0
340.754009579,828.0
341.019531295,837.0
341.285045452,824.0
341.550552047,838.0
341.816051078,840.0
342.081542545,833.0
342.347026446,834.0
342.61250278,843.0
342.877971546,849.0
343.143432742,845.0
343.408886366,840.0
343.674332418,831.0
343.939770895,830.0
344.205201798,829.0
344.470625123,839.0
344.736040871,849.0
345.001449039,832.0
345.266849626,826.0
345.532242631,835.0
345.797628052,840.0
346.063005889,841.0
346.328376139,827.0
346.593738802,826.0
346.859093876,820.0
347.124441359,836.0
347.38978125,825.0
347.655113549,823.0
347.920438253,840.0
348.185755361,830.0
348.451064872,835.0
348.716366784,835.0
348.981661097,842.0
349.246947808,832.0
349.512226917,828.0
349.777498421,821.0
350.04276232,837.0
350.308018613,832.0
350.573267297,837.0
350.838508372,836.0
351.103741836,836.0
351.368967688,831.0
351.634185926,825.0
351.89939655,834.0
352.164599557,836.0
352.429794946,829.0
352.694982717,837.0
352.960162867,835.0
353.225335395,839.0
353.490500301,839.0
353.755657582,823.0
354.020807237,829.0
354.285949264,839.0
354.551083664,837.0
354.816210433,835.0
355.081329571,835.0
355.346441077,827.0
355.611544948,838.0
355.876641184,835.0
356.141729783,846.0
356.406810745,847.0
356.671884066,841.0
356.936949747,839.0
357.202007786,828.0
357.467058181,823.0
357.732100932,839.0
357.997136036,824.0
358.262163492,822.0
358.527183299,828.0
358.792195456,832.0
359.057199961,841.0
359.322196814,849.0
359.587186011,837.0
359.852167553,830.0
360.117141438,830.0
360.382107664,821.0
360.64706623,825.0
360.912017135,834.0
361.176960377,839.0
361.441895956,843.0
361.706823869,843.0
361.971744115,827.0
362.236656693,815.0
362.501561602,834.0
362.766458839,842.0
363.031348405,830.0
363.296230297,834.0
363.561104514,849.0
363.825971055,833.0
364.090829918,820.0
364.355681102,824.0
364.620524606,825.0
364.885360428,833.0
365.150188567,841.0
365.415009022,834.0
365.679821791,834.0
365.944626872,831.0
366.209424265,830.0
366.474213968,840.0
366.73899598,836.0
367.003770299,820.0
367.268536924,822.0
367.533295854,821.0
367.798047087,833.0
368.062790622,826.0
368.327526458,826.0
368.592254592,833.0
368.856975025,824.0
369.121687753,833.0
369.386392777,831.0
369.651090095,829.0
369.915779705,836.0
370.180461606,839.0
370.445135797,846.0
370.709802276,845.0
370.974461042,840.0
371.239112093,833.0
371.503755429,831.0
371.768391047,823.0
372.033018947,824.0
372.297639127,826.0
372.562251585,836.0
372.826856321,835.0
373.091453333,826.0
373.35604262,835.0
373.62062418,840.0
373.885198012,823.0
374.149764114,824.0
374.414322485,844.0
374.678873125,846.0
374.94341603,844.0
375.207951201,826.0
375.472478636,839.0
375.736998333,842.0
376.001510291,830.0
376.266014508,836.0
376.530510984,829.0
376.794999717,835.0
377.059480705,819.0
377.323953947,830.0
377.588419442,828.0
377.852877189,838.0
378.117327186,832.0
378.381769431,856.0
378.646203924,844.0
378.910630663,847.0
379.175049646,838.0
379.439460873,828.0
379.703864342,841.0
379.968260051,835.0
380.232647999,851.0
380.497028185,848.0
380.761400608,829.0
381.025765265,833.0
381.290122157,826.0
381.55447128,831.0
381.818812635,833.0
382.083146219,845.0
382.347472032,840.0
382.611790072,833.0
382.876100337,849.0
383.140402826,849.0
383.404697538,834.0
383.668984471,824.0
383.933263625,839.0
384.197534997,836.0
384.461798587,844.0
384.726054392,844.0
384.990302413,850.0
385.254542646,831.0
385.518775091,826.0
385.782999747,834.0
386.047216613,823.0
386.311425685,842.0
386.575626965,840.0
386.839820449,833.0
387.104006137,839.0
387.368184028,840.0
387.63235412,837.0
387.896516411,839.0
388.1606709,836.0
388.424817586,840.0
388.688956468,846.0
388.953087544,846.0
389.217210813,840.0
389.481326273,833.0
389.745433924,831.0
390.009533763,836.0
390.273625789,848.0
390.537710002,848.0
390.801786399,841.0
391.065854979,844.0
391.329915741,840.0
391.593968684,837.0
391.858013806,836.0
392.122051106,850.0
392.386080582,852.0
392.650102233,842.0
392.914116058,844.0
393.178122056,834.0
393.442120224,829.0
393.706110562,839.0
393.970093068,837.0
394.234067741,826.0
394.49803458,828.0
394.761993583,837.0
395.025944748,833.0
395.289888075,824.0
395.553823562,835.0
395.817751208,832.0
396.081671012,826.0
396.345582971,827.0
396.609487085,834.0
396.873383352,838.0
397.137271771,838.0
397.40115234,856.0
397.665025059,840.0
397.928889926,845.0
398.192746939,840.0
398.456596097,826.0
398.720437398,822.0
398.984270843,837.0
399.248096428,834.0
399.511914152,841.0
399.775724015,830.0
400.039526015,843.0
400.303320151,847.0
400.56710642,847.0
400.830884823,830.0
401.094655357,828.0
401.358418021,831.0
401.622172813,838.0
401.885919733,828.0
402.149658779,833.0
402.41338995,832.0
402.677113244,834.0
402.94082866,834.0
403.204536196,830.0
403.468235852,825.0
403.731927625,826.0
403.995611515,827.0
404.25928752,834.0
404.522955638,839.0
404.786615869,838.0
405.050268211,833.0
405.313912663,839.0
405.577549222,832.0
405.841177889,840.0
406.104798661,843.0
406.368411538,831.0
406.632016517,824.0
406.895613598,827.0
407.159202778,824.0
407.422784058,838.0
407.686357435,835.0
407.949922907,842.0
408.213480475,846.0
408.477030135,845.0
408.740571888,830.0
409.004105731,839.0
409.267631663,841.0
409.531149684,836.0
409.79465979,839.0
410.058161982,833.0
410.321656257,826.0
410.585142615,833.0
410.848621053,823.0
411.112091572,833.0
411.375554168,834.0
411.639008842,833.0
411.902455591,828.0
412.165894414,835.0
412.42932531,837.0
412.692748277,841.0
412.956163315,838.0
413.219570421,838.0
413.482969595,837.0
413.746360834,843.0
414.009744138,840.0
414.273119506,848.0
414.536486935,839.0
414.799846425,837.0
415.063197974,843.0
415.326541581,862.0
415.589877244,843.0
415.853204963,830.0
416.116524735,838.0
416.379836559,849.0
416.643140435,842.0
416.90643636,837.0
417.169724333,834.0
417.433004353,838.0
417.696276419,827.0
417.959540529,827.0
418.222796682,830.0
418.486044876,833.0
418.74928511,837.0
419.012517383,842.0
419.275741694,847.0
419.53895804,836.0
419.802166421,831.0
420.065366835,843.0
420.328559281,842.0
420.591743758,841.0
420.854920264,842.0
421.118088797,838.0
421.381249357,836.0
421.644401943,836.0
421.907546551,837.0
422.170683183,836.0
422.433811835,832.0
422.696932507,827.0
422.960045197,837.0
423.223149904,841.0
423.486246626,856.0
423.749335363,846.0
424.012416113,825.0
424.275488874,828.0
424.538553645,842.0
424.801610424,837.0
425.064659211,835.0
425.327700004,844.0
425.590732802,843.0
425.853757603,840.0
426.116774406,839.0
426.379783209,833.0
426.642784012,823.0
426.905776812,842.0
427.168761609,830.0
427.431738401,840.0
427.694707187,841.0
427.957667965,852.0
428.220620734,842.0
428.483565492,842.0
428.746502239,827.0
429.009430973,849.0
429.272351692,845.0
429.535264395,843.0
429.798169082,837.0
430.061065749,843.0
430.323954397,844.0
430.586835024,846.0
430.849707628,838.0
431.112572207,837.0
431.375428762,845.0
431.638277289,851.0
431.901117789,839.0
432.163950259,827.0
432.426774699,840.0
432.689591106,853.0
432.952399479,842.0
433.215199818,839.0
433.47799212,833.0
433.740776385,841.0
434.003552611,850.0
434.266320796,843.0
434.52908094,842.0
434.79183304,835.0
435.054577096,849.0
435.317313106,857.0
435.580041069,853.0
435.842760984,861.0
436.105472848,860.0
436.368176661,865.0
436.630872422,866.0
436.893560128,868.0
437.15623978,850.0
437.418911374,850.0
437.68157491,849.0
437.944230387,848.0
438.206877803,852.0
438.469517157,857.0
438.732148447,845.0
438.994771673,851.0
439.257386832,842.0
439.519993923,839.0
439.782592946,836.0
440.045183898,843.0
440.307766778,856.0
440.570341585,842.0
440.832908318,839.0
441.095466975,851.0
441.358017555,852.0
441.620560056,839.0
441.883094477,838.0
442.145620817,841.0
442.408139074,852.0
442.670649248,851.0
442.933151335,853.0
443.195645337,842.0
443.45813125,839.0
443.720609073,837.0
443.983078806,833.0
444.245540447,836.0
444.507993994,851.0
444.770439446,846.0
445.032876802,841.0
445.29530606,852.0
445.557727219,840.0
445.820140278,839.0
446.082545235,846.0
446.344942089,841.0
446.607330838,843.0
446.869711482,837.0
447.132084018,835.0
447.394448446,839.0
447.656804764,850.0
447.91915297,854.0
448.181493064,847.0
448.443825044,840.0
448.706148909,839.0
448.968464657,848.0
449.230772287,840.0
449.493071797,838.0
449.755363187,847.0
450.017646454,845.0
450.279921598,844.0
450.542188616,849.0
450.804447509,844.0
451.066698274,847.0
451.32894091,840.0
451.591175415,843.0
451.853401789,851.0
452.115620029,845.0
452.377830136,842.0
452.640032106,838.0
452.902225939,845.0
453.164411634,853.0
453.426589188,853.0
453.688758602,845.0
453.950919872,850.0
454.213072999,836.0
454.47521798,845.0
454.737354815,837.0
454.999483501,834.0
455.261604038,845.0
455.523716425,854.0
455.785820659,849.0
456.047916739,854.0
456.310004665,853.0
456.572084434,860.0
456.834156045,855.0
457.096219498,840.0
457.35827479,842.0
457.62032192,851.0
457.882360888,846.0
458.144391691,839.0
458.406414328,838.0
458.668428797,844.0
458.930435099,842.0
459.19243323,830.0
459.45442319,836.0
459.716404978,844.0
459.978378591,863.0
460.240344029,846.0
460.50230129,848.0
460.764250373,849.0
461.026191277,856.0
461.288124,849.0
461.550048541,850.0
461.811964898,849.0
462.07387307,843.0
462.335773056,854.0
462.597664854,843.0
462.859548463,851.0
463.121423882,862.0
463.383291109,850.0
463.645150143,838.0
463.907000983,841.0
464.168843627,849.0
464.430678073,855.0
464.692504321,848.0
464.954322369,840.0
465.216132216,852.0
465.47793386,853.0
465.7397273,860.0
466.001512535,866.0
466.263289563,849.0
466.525058383,853.0
466.786818993,847.0
467.048571393,844.0
467.31031558,847.0
467.572051554,835.0
467.833779313,853.0
468.095498855,845.0
468.35721018,836.0
468.618913286,837.0
468.880608172,844.0
469.142294835,849.0
469.403973276,854.0
469.665643492,846.0
469.927305483,841.0
470.188959246,844.0
470.45060478,853.0
470.712242085,858.0
470.973871159,858.0
471.235491999,852.0
471.497104606,841.0
471.758708978,845.0
472.020305112,863.0
472.281893009,853.0
472.543472666,845.0
472.805044082,841.0
473.066607256,849.0
473.328162186,854.0
473.589708872,849.0
473.851247311,846.0
474.112777503,851.0
474.374299446,848.0
474.635813138,856.0
474.897318578,854.0
475.158815766,855.0
475.420304698,856.0
475.681785376,848.0
475.943257795,859.0
476.204721957,858.0
476.466177858,845.0
476.727625498,854.0
476.989064876,869.0
477.250495989,866.0
477.511918837,860.0
477.773333418,842.0
478.034739732,849.0
478.296137775,853.0
478.557527548,843.0
478.818909049,847.0
479.080282276,842.0
479.341647228,857.0
479.603003904,849.0
479.864352302,849.0
480.125692422,848.0
480.387024261,845.0
480.648347818,840.0
480.909663092,847.0
481.170970081,847.0
481.432268785,853.0
481.693559201,845.0
481.954841329,859.0
482.216115167,871.0
482.477380714,846.0
482.738637968,863.0
482.999886928,870.0
483.261127593,862.0
483.522359961,853.0
483.783584031,853.0
484.044799801,861.0
484.306007271,867.0
484.567206438,875.0
484.828397302,879.0
485.089579861,876.0
485.350754113,864.0
485.611920058,873.0
485.873077694,872.0
486.13422702,876.0
486.395368034,871.0
486.656500734,869.0
486.91762512,862.0
487.178741191,877.0
487.439848944,859.0
487.700948379,862.0
487.962039493,875.0
488.223122287,879.0
488.484196757,867.0
488.745262904,873.0
489.006320726,868.0
489.26737022,873.0
489.528411387,877.0
489.789444224,866.0
490.05046873,859.0
490.311484904,862.0
490.572492744,862.0
490.83349225,876.0
491.094483419,860.0
491.355466251,867.0
491.616440743,864.0
491.877406895,866.0
492.138364706,861.0
492.399314173,876.0
492.660255296,885.0
492.921188073,876.0
493.182112503,858.0
493.443028584,864.0
493.703936315,872.0
493.964835695,855.0
494.225726723,865.0
494.486609396,849.0
494.747483714,858.0
495.008349675,867.0
495.269207278,856.0
495.530056522,868.0
495.790897405,851.0
496.051729926,850.0
496.312554083,852.0
496.573369875,860.0
496.834177301,863.0
497.094976359,865.0
497.355767048,864.0
497.616549367,855.0
497.877323314,863.0
498.138088888,861.0
498.398846087,848.0
498.659594911,858.0
498.920335357,856.0
499.181067425,864.0
499.441791113,854.0
499.70250642,845.0
499.963213344,860.0
500.223911884,853.0
500.484602038,848.0
500.745283806,841.0
501.005957186,849.0
501.266622176,867.0
501.527278776,858.0
501.787926983,849.0
502.048566797,853.0
502.309198216,856.0
502.569821238,847.0
502.830435863,843.0
503.091042089,843.0
503.351639914,842.0
503.612229338,853.0
503.872810358,855.0
504.133382974,845.0
504.393947185,853.0
504.654502988,855.0
504.915050382,844.0
505.175589367,856.0
505.43611994,856.0
505.696642101,854.0
505.957155847,855.0
506.217661179,851.0
506.478158093,845.0
506.73864659,854.0
506.999126666,854.0
507.259598323,848.0
507.520061556,848.0
507.780516367,848.0
508.040962752,850.0
508.301400711,853.0
508.561830243,850.0
508.822251345,842.0
509.082664017,852.0
509.343068257,846.0
509.603464065,862.0
509.863851437,861.0
510.124230374,854.0
510.384600874,847.0
510.644962935,853.0
510.905316556,854.0
511.165661736,846.0
511.425998473,858.0
511.686326766,852.0
511.946646614,841.0
512.206958015,866.0
512.467260968,866.0
512.727555472,849.0
512.987841525,853.0
513.248119125,849.0
513.508388272,850.0
513.768648964,847.0
514.0289012,858.0
514.289144978,859.0
514.549380297,862.0
514.809607155,862.0
515.069825552,854.0
515.330035486,863.0
515.590236955,850.0
515.850429959,867.0
516.110614495,870.0
516.370790563,864.0
516.630958161,857.0
516.891117287,865.0
517.151267941,867.0
517.411410121,866.0
517.671543825,862.0
517.931669053,863.0
518.191785803,871.0
518.451894073,875.0
518.711993862,854.0
518.972085169,838.0
519.232167993,845.0
519.492242331,863.0
519.752308183,854.0
520.012365548,858.0
520.272414424,863.0
520.532454809,871.0
520.792486702,869.0
521.052510103,853.0
521.312525009,852.0
521.572531419,857.0
521.832529332,851.0
522.092518746,855.0
522.35249966,852.0
522.612472073,861.0
522.872435984,858.0
523.13239139,869.0
523.392338291,854.0
523.652276686,863.0
523.912206572,872.0
524.172127948,869.0
524.432040814,864.0
524.691945168,859.0
524.951841008,867.0
525.211728333,875.0
525.471607142,869.0
525.731477433,876.0
525.991339206,871.0
526.251192457,876.0
526.511037187,877.0
526.770873394,870.0
527.030701077,868.0
527.290520234,864.0
527.550330863,865.0
527.810132964,864.0
528.069926535,872.0
528.329711575,873.0
528.589488082,868.0
528.849256055,867.0
529.109015492,872.0
529.368766393,877.0
529.628508756,884.0
529.888242579,884.0
530.147967862,873.0
530.407684602,876.0
530.667392798,877.0
530.92709245,870.0
531.186783556,869.0
531.446466114,868.0
531.706140122,875.0
531.965805581,877.0
532.225462487,883.0
532.485110841,877.0
532.74475064,873.0
533.004381883,888.0
533.264004569,882.0
533.523618697,888.0
533.783224264,888.0
534.04282127,882.0
534.302409714,873.0
534.561989594,878.0
534.821560908,887.0
535.081123655,878.0
535.340677835,878.0
535.600223444,892.0
535.859760483,896.0
536.11928895,906.0
536.378808843,909.0
536.638320162,911.0
536.897822904,915.0
537.157317068,920.0
537.416802654,924.0
537.676279659,919.0
537.935748082,919.0
538.195207922,909.0
538.454659177,916.0
538.714101847,919.0
538.97353593,924.0
539.232961424,939.0
539.492378328,940.0
539.751786641,955.0
540.011186361,974.0
540.270577487,982.0
540.529960018,979.0
540.789333952,994.0
541.048699288,979.0
541.308056024,1015.0
541.56740416,1008.0
541.826743693,1010.0
542.086074623,1010.0
542.345396948,999.0
542.604710666,996.0
542.864015777,1004.0
543.123312279,1008.0
543.382600171,1015.0
543.64187945,1004.0
543.901150117,1007.0
544.160412169,1021.0
544.419665606,1022.0
544.678910425,1014.0
544.938146625,1034.0
545.197374206,1037.0
545.456593165,1041.0
545.715803502,1041.0
545.975005215,1043.0
546.234198302,1046.0
546.493382763,1052.0
546.752558595,1064.0
547.011725798,1054.0
547.27088437,1036.0
547.53003431,1034.0
547.789175616,1022.0
548.048308288,1024.0
548.307432323,1004.0
548.566547721,999.0
548.825654479,987.0
549.084752597,971.0
549.343842073,971.0
549.602922907,967.0
549.861995095,958.0
550.121058638,949.0
550.380113534,948.0
550.639159781,947.0
550.898197378,941.0
551.157226324,930.0
551.416246617,946.0
551.675258257,935.0
551.93426124,922.0
552.193255568,926.0
552.452241236,909.0
552.711218246,920.0
552.970186595,932.0
553.229146281,919.0
553.488097304,913.0
553.747039662,900.0
554.005973354,915.0
554.264898378,922.0
554.523814733,921.0
554.782722417,926.0
555.04162143,913.0
555.30051177,913.0
555.559393435,915.0
555.818266425,918.0
556.077130737,912.0
556.33598637,915.0
556.594833324,928.0
556.853671597,922.0
557.112501186,912.0
557.371322092,917.0
557.630134313,916.0
557.888937846,921.0
558.147732692,920.0
558.406518848,918.0
558.665296313,914.0
558.924065086,917.0
559.182825165,925.0
559.44157655,914.0
559.700319238,915.0
559.959053229,921.0
560.21777852,921.0
560.476495111,918.0
560.735203001,916.0
560.993902187,937.0
561.252592669,920.0
561.511274445,943.0
561.769947513,958.0
562.028611874,946.0
562.287267524,936.0
562.545914463,945.0
562.804552689,949.0
563.063182201,958.0
563.321802998,950.0
563.580415078,949.0
563.839018441,960.0
564.097613083,965.0
564.356199005,970.0
564.614776204,956.0
564.87334468,972.0
565.131904431,967.0
565.390455456,977.0
565.648997753,978.0
565.907531321,979.0
566.166056159,982.0
566.424572265,995.0
566.683079637,994.0
566.941578276,979.0
567.200068178,989.0
567.458549344,1006.0
567.71702177,1018.0
567.975485457,1019.0
568.233940402,1025.0
568.492386605,1017.0
568.750824064,1018.0
569.009252778,1026.0
569.267672744,1045.0
569.526083963,1046.0
569.784486432,1055.0
570.04288015,1061.0
570.301265116,1084.0
570.559641329,1091.0
570.818008786,1091.0
571.076367487,1080.0
571.334717431,1095.0
571.593058615,1103.0
571.85139104,1106.0
572.109714702,1114.0
572.368029601,1144.0
572.626335736,1137.0
572.884633105,1157.0
573.142921707,1174.0
573.40120154,1154.0
573.659472603,1168.0
573.917734895,1188.0
574.175988415,1207.0
574.43423316,1222.0
574.69246913,1228.0
574.950696323,1255.0
575.208914738,1262.0
575.467124374,1268.0
575.725325228,1266.0
575.983517301,1300.0
576.24170059,1300.0
576.499875094,1324.0
576.758040812,1328.0
577.016197742,1352.0
577.274345883,1363.0
577.532485233,1375.0
577.790615792,1401.0
578.048737558,1431.0
578.306850529,1451.0
578.564954705,1473.0
578.823050083,1488.0
579.081136663,1522.0
579.339214443,1541.0
579.597283421,1562.0
579.855343597,1586.0
580.113394969,1598.0
580.371437535,1631.0
580.629471295,1658.0
580.887496246,1678.0
581.145512389,1708.0
581.40351972,1729.0
581.661518239,1736.0
581.919507944,1753.0
582.177488835,1808.0
582.435460909,1833.0
582.693424166,1860.0
582.951378603,1882.0
583.20932422,1927.0
583.467261016,1963.0
583.725188988,1997.0
583.983108136,2036.0
584.241018458,2075.0
584.498919952,2108.0
584.756812619,2148.0
585.014696455,2187.0
585.27257146,2224.0
585.530437632,2274.0
585.788294971,2339.0
586.046143473,2386.0
586.30398314,2421.0
586.561813968,2466.0
586.819635956,2510.0
587.077449104,2567.0
587.335253409,2624.0
587.593048871,2651.0
587.850835488,2686.0
588.108613259,2749.0
588.366382182,2789.0
588.624142256,2872.0
588.88189348,2903.0
589.139635852,2967.0
589.39736937,3021.0
589.655094035,3071.0
589.912809843,3155.0
590.170516794,3200.0
590.428214887,3279.0
590.68590412,3350.0
590.943584491,3412.0
591.201256,3479.0
591.458918645,3517.0
591.716572424,3619.0
591.974217337,3672.0
592.231853381,3768.0
592.489480556,3862.0
592.74709886,3953.0
593.004708292,4057.0
593.262308851,4166.0
593.519900534,4253.0
593.777483342,4313.0
594.035057271,4416.0
594.292622322,4508.0
594.550178492,4613.0
594.80772578,4721.0
595.065264185,4828.0
595.322793706,4966.0
595.580314341,5062.0
595.837826089,5206.0
596.095328948,5310.0
596.352822917,5430.0
596.610307995,5552.0
596.86778418,5732.0
597.125251471,5834.0
597.382709867,5977.0
597.640159366,6117.0
597.897599967,6317.0
598.155031669,6461.0
598.412454469,6617.0
598.669868368,6754.0
598.927273363,6925.0
599.184669453,7096.0
599.442056636,7258.0
599.699434912,7497.0
599.956804279,7681.0
600.214164736,7782.0
600.471516281,8002.0
600.728858912,8241.0
600.98619263,8468.0
601.243517431,8704.0
601.500833315,8928.0
601.758140281,9079.0
602.015438326,9270.0
602.272727451,9511.0
602.530007652,9793.0
602.78727893,9980.0
603.044541282,10245.0
603.301794708,10494.0
603.559039205,10739.0
603.816274773,11022.0
604.07350141,11327.0
604.330719115,11607.0
604.587927887,11937.0
604.845127723,12149.0
605.102318623,12464.0
605.359500586,12795.0
605.616673609,13107.0
605.873837692,13390.0
606.130992833,13753.0
606.388139032,14055.0
606.645276285,14354.0
606.902404593,14671.0
607.159523954,14942.0
607.416634366,15180.0
607.673735828,15457.0
607.930828339,15621.0
608.187911897,15811.0
608.444986501,15966.0
608.70205215,16068.0
608.959108842,16173.0
609.216156576,16268.0
609.47319535,16337.0
609.730225163,16383.0
609.987246015,16383.0
610.244257903,16383.0
610.501260825,16383.0
610.758254782,16383.0
611.015239771,16383.0
611.272215791,16383.0
611.52918284,16383.0
611.786140918,16383.0
612.043090022,16383.0
612.300030153,16383.0
612.556961307,16383.0
612.813883484,16383.0
613.070796682,16383.0
613.327700901,16383.0
613.584596138,16383.0
613.841482393,16383.0
614.098359663,16383.0
614.355227949,16383.0
614.612087247,16383.0
614.868937557,16383.0
615.125778878,16383.0
615.382611208,16383.0
615.639434546,16383.0
615.89624889,16383.0
616.153054239,16383.0
616.409850592,16383.0
616.666637948,16383.0
616.923416304,16383.0
617.18018566,16383.0
617.436946014,16383.0
617.693697365,16383.0
617.950439712,16383.0
618.207173052,16383.0
618.463897386,16383.0
618.720612711,16383.0
618.977319026,16383.0
619.234016329,16383.0
619.49070462,16383.0
619.747383897,16383.0
620.004054159,16383.0
620.260715404,16383.0
620.517367631,16383.0
620.774010838,16383.0
621.030645024,16383.0
621.287270189,16383.0
621.543886329,16383.0
621.800493445,16383.0
622.057091534,16383.0
622.313680596,16383.0
622.570260629,16383.0
622.826831631,16383.0
623.083393602,16383.0
623.339946539,16383.0
623.596490442,16383.0
623.853025309,16383.0
624.109551139,16383.0
624.36606793,16383.0
624.622575682,16383.0
624.879074392,16383.0
625.135564059,16383.0
625.392044683,16383.0
625.648516261,16383.0
625.904978792,16383.0
626.161432275,16383.0
626.417876709,16383.0
626.674312092,16383.0
626.930738422,16383.0
627.187155699,16383.0
627.443563922,16383.0
627.699963087,16383.0
627.956353196,16383.0
628.212734245,16383.0
628.469106233,16383.0
628.72546916,16383.0
628.981823024,16383.0
629.238167824,16383.0
629.494503557,16383.0
629.750830223,16383.0
630.007147821,16383.0
630.263456349,16383.0
630.519755806,16383.0
630.776046189,16383.0
631.032327499,16383.0
631.288599734,16383.0
631.544862891,16383.0
631.801116971,16383.0
632.057361971,16383.0
632.31359789,16383.0
632.569824727,16383.0
632.826042481,16383.0
633.082251149,16383.0
633.338450732,16383.0
633.594641226,16383.0
633.850822632,16383.0
634.106994947,16383.0
634.36315817,16383.0
634.6193123,16383.0
634.875457336,16383.0
635.131593276,16383.0
635.387720119,16383.0
635.643837863,16383.0
635.899946507,16383.0
636.15604605,16383.0
636.41213649,16383.0
636.668217827,16383.0
636.924290058,16383.0
637.180353182,16383.0
637.436407198,16383.0
637.692452104,16383.0
637.9484879,16383.0
638.204514583,16383.0
638.460532153,16383.0
638.716540608,16383.0
638.972539947,16383.0
639.228530167,16383.0
639.484511269,16383.0
639.740483251,16383.0
639.996446111,16383.0
640.252399847,16383.0
640.50834446,16383.0
640.764279946,16383.0
641.020206305,16383.0
641.276123536,16383.0
641.532031636,16383.0
641.787930605,16383.0
642.043820442,16383.0
642.299701145,16383.0
642.555572712,16383.0
642.811435142,16383.0
643.067288435,16383.0
643.323132588,16383.0
643.5789676,16383.0
643.83479347,16383.0
644.090610196,16383.0
644.346417777,16383.0
644.602216212,16383.0
644.858005499,16383.0
645.113785638,16383.0
645.369556626,16383.0
645.625318462,16383.0
645.881071145,16383.0
646.136814673,16383.0
646.392549046,16383.0
646.648274262,16383.0
646.903990319,16383.0
647.159697216,16383.0
647.415394951,16383.0
647.671083524,16383.0
647.926762933,16383.0
648.182433177,16383.0
648.438094254,16383.0
648.693746163,16383.0
648.949388902,16383.0
649.20502247,16383.0
649.460646866,16383.0
649.716262089,16383.0
649.971868137,16383.0
650.227465008,16383.0
650.483052702,16383.0
650.738631217,16383.0
650.994200551,16383.0
651.249760703,16383.0
651.505311673,16383.0
651.760853458,16383.0
652.016386057,16383.0
652.271909469,16383.0
652.527423692,16383.0
652.782928725,16383.0
653.038424567,16383.0
653.293911217,16383.0
653.549388672,16383.0
653.804856932,16383.0
654.060315995,16383.0
654.315765861,16383.0
654.571206526,16383.0
654.826637991,16383.0
655.082060254,16383.0
655.337473312,16383.0
655.592877167,16383.0
655.848271814,16383.0
656.103657254,16383.0
656.359033485,16383.0
656.614400506,16383.0
656.869758315,16383.0
657.125106911,16383.0
657.380446292,16383.0
657.635776458,16383.0
657.891097406,16383.0
658.146409135,16383.0
658.401711645,16383.0
658.657004934,16383.0
658.912288999,16383.0
659.167563841,16383.0
659.422829458,16383.0
659.678085847,16383.0
659.933333009,16383.0
660.188570941,16383.0
660.443799642,16383.0
660.699019111,16383.0
660.954229346,16383.0
661.209430346,16383.0
661.46462211,16383.0
661.719804637,16383.0
661.974977924,16383.0
662.230141971,16383.0
662.485296777,16383.0
662.740442339,16383.0
662.995578656,16383.0
663.250705728,16383.0
663.505823553,16383.0
663.760932129,16383.0
664.016031455,16383.0
664.27112153,16383.0
664.526202352,16383.0
664.78127392,16383.0
665.036336233,16383.0
665.291389289,16383.0
665.546433086,16383.0
665.801467625,16383.0
666.056492902,16383.0
666.311508918,16383.0
666.566515669,16383.0
666.821513156,16383.0
667.076501376,16383.0
667.331480329,16383.0
667.586450013,16383.0
667.841410426,16383.0
668.096361568,16383.0
668.351303436,16383.0
668.606236031,16383.0
668.861159349,16383.0
669.11607339,16383.0
669.370978152,16383.0
669.625873634,16383.0
669.880759836,16383.0
670.135636754,16383.0
670.390504388,16383.0
670.645362737,16383.0
670.9002118,16383.0
671.155051574,16383.0
671.409882059,16383.0
671.664703252,16383.0
671.919515154,16383.0
672.174317762,16383.0
672.429111075,16383.0
672.683895092,16383.0
672.938669811,16383.0
673.193435231,16383.0
673.448191351,16383.0
673.702938169,16383.0
673.957675684,16383.0
674.212403894,16383.0
674.467122799,16383.0
674.721832396,16383.0
674.976532685,16383.0
675.231223663,16383.0
675.485905331,16383.0
675.740577686,16383.0
675.995240726,16383.0
676.249894452,16383.0
676.50453886,16383.0
676.759173951,16383.0
677.013799722,16383.0
677.268416172,16383.0
677.5230233,16383.0
677.777621104,16383.0
678.032209584,16383.0
678.286788737,16383.0
678.541358562,16383.0
678.795919059,16383.0
679.050470225,16383.0
679.305012059,16383.0
679.55954456,16383.0
679.814067727,16383.0
680.068581558,16383.0
680.323086051,16383.0
680.577581206,16383.0
680.832067022,16383.0
681.086543495,16383.0
681.341010626,16383.0
681.595468414,16383.0
681.849916855,16383.0
682.10435595,16383.0
682.358785697,16383.0
682.613206094,16383.0
682.867617141,16383.0
683.122018835,16383.0
683.376411176,16383.0
683.630794161,16383.0
683.885167791,16383.0
684.139532063,16383.0
684.393886975,16383.0
684.648232528,16383.0
684.902568718,16383.0
685.156895546,16383.0
685.411213009,16383.0
685.665521106,16383.0
685.919819836,16383.0
686.174109197,16383.0
686.428389189,16383.0
686.682659809,16383.0
686.936921056,16383.0
687.19117293,16383.0
687.445415428,16383.0
687.699648549,16383.0
687.953872292,16383.0
688.208086656,16383.0
688.462291639,16383.0
688.716487239,16383.0
688.970673456,16383.0
689.224850288,16383.0
689.479017734,16383.0
689.733175792,16383.0
689.987324461,16383.0
690.24146374,16383.0
690.495593627,16383.0
690.74971412,16383.0
691.00382522,16383.0
691.257926923,16383.0
691.512019229,16383.0
691.766102137,16383.0
692.020175645,16383.0
692.274239751,16383.0
692.528294455,16383.0
692.782339755,16383.0
693.036375649,16383.0
693.290402137,16383.0
693.544419216,16383.0
693.798426886,16383.0
694.052425145,16383.0
694.306413992,16383.0
694.560393425,16383.0
694.814363444,16383.0
695.068324046,16383.0
695.32227523,16383.0
695.576216995,16383.0
695.83014934,16383.0
696.084072264,16383.0
696.337985764,16383.0
696.591889839,16383.0
696.845784489,16383.0
697.099669712,16383.0
697.353545506,16383.0
697.60741187,16383.0
697.861268802,16383.0
698.115116302,16383.0
698.368954368,16383.0
698.622782999,16383.0
698.876602193,16383.0
699.130411948,16383.0
699.384212265,16383.0
699.63800314,16383.0
699.891784573,16383.0
700.145556563,16383.0
700.399319108,16383.0
700.653072206,16383.0
700.906815857,16383.0
701.160550058,16383.0
701.41427481,16383.0
701.667990109,16383.0
701.921695955,16383.0
702.175392347,16383.0
702.429079283,16383.0
702.682756762,16383.0
702.936424782,16383.0
703.190083343,16383.0
703.443732442,16383.0
703.697372078,16383.0
703.95100225,16383.0
704.204622957,16383.0
704.458234197,16383.0
704.711835969,16383.0
704.965428272,16383.0
705.219011104,16383.0
705.472584463,16383.0
705.726148349,16383.0
705.97970276,16383.0
706.233247694,16383.0
706.486783151,16383.0
706.740309129,16383.0
706.993825627,16383.0
707.247332643,16383.0
707.500830175,16383.0
707.754318224,16383.0
708.007796786,16383.0
708.261265861,16383.0
708.514725447,16383.0
708.768175544,16383.0
709.021616149,16383.0
709.275047262,16383.0
709.528468881,16383.0
709.781881004,16383.0
710.03528363,16383.0
710.288676758,16383.0
710.542060387,16383.0
710.795434515,16383.0
711.048799141,16383.0
711.302154263,16383.0
711.55549988,16383.0
711.808835991,16383.0
712.062162594,16383.0
712.315479689,16383.0
712.568787272,16383.0
712.822085344,16383.0
713.075373903,16383.0
713.328652948,16383.0
713.581922476,16383.0
713.835182488,16383.0
714.088432981,16383.0
714.341673953,16383.0
714.594905405,16383.0
714.848127334,16383.0
715.101339739,16383.0
715.354542618,16383.0
715.607735971,16383.0
715.860919795,16383.0
716.11409409,16383.0
716.367258855,16383.0
716.620414087,16383.0
716.873559785,16383.0
717.126695949,16383.0
717.379822576,16383.0
717.632939665,16383.0
717.886047216,16383.0
718.139145226,16383.0
718.392233694,16383.0
718.645312619,16383.0
718.898382,16383.0
719.151441835,16383.0
719.404492122,16383.0
719.657532862,16383.0
719.910564051,13972.0
720.163585688,9491.0
720.416597774,12069.0
720.669600305,6103.0
720.92259328,11767.0
721.175576699,6058.0
721.42855056,11763.0
721.681514861,6057.0
721.934469602,11756.0
722.18741478,4276.0
722.440350395,7364.0
722.693276445,1490.0
722.946192928,979.0
723.199099844,925.0
723.451997191,921.0
723.704884967,905.0
723.957763171,909.0
724.210631803,907.0
724.46349086,916.0
724.716340341,907.0
724.969180245,892.0
725.22201057,884.0
725.474831315,890.0
725.727642479,896.0
725.980444061,879.0
726.233236058,896.0
726.48601847,899.0
726.738791295,900.0
726.991554532,908.0
727.24430818,906.0
727.497052237,896.0
727.749786701,890.0
728.002511572,897.0
728.255226848,896.0
728.507932528,898.0
728.76062861,880.0
729.013315093,883.0
729.265991975,900.0
729.518659256,896.0
729.771316934,892.0
730.023965007,887.0
730.276603474,900.0
730.529232334,888.0
730.781851586,890.0
731.034461228,885.0
731.287061258,878.0
731.539651676,888.0
731.792232479,906.0
732.044803667,893.0
732.297365239,876.0
732.549917192,885.0
732.802459526,886.0
733.054992239,868.0
733.30751533,880.0
733.560028797,886.0
733.812532639,884.0
734.065026855,872.0
734.317511443,877.0
734.569986402,879.0
734.822451731,876.0
735.074907428,875.0
735.327353492,882.0
735.579789921,887.0
735.832216715,873.0
736.084633871,863.0
736.337041389,873.0
736.589439267,876.0
736.841827503,876.0
737.094206097,863.0
737.346575047,875.0
737.598934352,877.0
737.851284009,887.0
738.103624019,879.0
738.355954379,870.0
738.608275088,881.0
738.860586145,870.0
739.112887548,868.0
739.365179297,876.0
739.617461389,872.0
739.869733823,856.0
740.121996599,883.0
740.374249714,880.0
740.626493167,882.0
740.878726957,873.0
741.130951083,864.0
741.383165543,887.0
741.635370335,871.0
741.887565459,852.0
742.139750913,875.0
742.391926696,869.0
742.644092806,878.0
742.896249242,873.0
743.148396003,863.0
743.400533087,870.0
743.652660492,863.0
743.904778219,872.0
744.156886264,872.0
744.408984627,875.0
744.661073307,861.0
744.913152301,862.0
745.16522161,861.0
745.41728123,875.0
745.669331162,888.0
745.921371403,884.0
746.173401953,866.0
746.425422809,860.0
746.677433971,848.0
746.929435437,868.0
747.181427206,877.0
747.433409276,876.0
747.685381646,867.0
747.937344315,864.0
748.189297282,864.0
748.441240544,880.0
748.693174101,880.0
748.945097951,865.0
749.197012093,863.0
749.448916525,874.0
749.700811247,865.0
749.952696256,866.0
750.204571552,869.0
750.456437133,869.0
750.708292997,865.0
750.960139144,869.0
751.211975572,856.0
751.46380228,861.0
751.715619265,866.0
751.967426528,867.0
752.219224066,868.0
752.471011878,859.0
752.722789963,869.0
752.974558319,876.0
753.226316946,885.0
753.478065841,863.0
753.729805004,862.0
753.981534432,863.0
754.233254125,860.0
754.484964081,856.0
754.736664299,864.0
754.988354778,857.0
755.240035516,860.0
755.491706512,870.0
755.743367764,873.0
755.995019271,866.0
756.246661031,865.0
756.498293044,868.0
756.749915309,855.0
757.001527822,856.0
757.253130584,850.0
757.504723593,868.0
757.756306847,864.0
758.007880345,855.0
758.259444087,849.0
758.510998069,855.0
758.762542292,850.0
759.014076753,866.0
759.265601452,862.0
759.517116387,859.0
759.768621556,866.0
760.020116958,856.0
760.271602593,848.0
760.523078457,849.0
760.774544551,846.0
761.026000873,848.0
761.277447421,851.0
761.528884195,844.0
761.780311192,843.0
762.031728411,858.0
762.283135851,852.0
762.534533511,862.0
762.785921389,850.0
763.037299484,850.0
763.288667794,866.0
763.540026319,857.0
763.791375056,861.0
764.042714005,858.0
764.294043164,863.0
764.545362531,863.0
764.796672106,857.0
765.047971887,863.0
765.299261873,857.0
765.550542061,859.0
765.801812452,863.0
766.053073043,852.0
766.304323833,849.0
766.555564821,847.0
766.806796005,851.0
767.058017385,848.0
767.309228958,844.0
767.560430723,842.0
767.81162268,856.0
768.062804826,849.0
768.31397716,861.0
768.565139681,868.0
768.816292388,862.0
769.067435278,859.0
769.318568352,853.0
769.569691607,852.0
769.820805042,841.0
770.071908656,838.0
770.323002447,841.0
770.574086414,848.0
770.825160555,855.0
771.07622487,842.0
771.327279357,853.0
771.578324014,841.0
771.82935884,847.0
772.080383834,841.0
772.331398995,850.0
772.582404321,861.0
772.83339981,857.0
773.084385462,853.0
773.335361274,847.0
773.586327246,848.0
773.837283377,855.0
774.088229664,854.0
774.339166107,856.0
774.590092704,850.0
774.841009453,841.0
775.091916355,845.0
775.342813406,853.0
775.593700606,854.0
775.844577953,849.0
776.095445446,849.0
776.346303084,864.0
776.597150865,851.0
776.847988788,849.0
777.098816851,860.0
777.349635053,850.0
777.600443394,857.0
777.85124187,835.0
778.102030482,847.0
778.352809228,847.0
778.603578105,836.0
778.854337114,840.0
779.105086252,844.0
779.355825519,839.0
779.606554912,855.0
779.857274431,840.0
780.107984074,849.0
780.35868384,849.0
780.609373728,854.0
780.860053735,854.0
781.110723861,847.0
781.361384104,846.0
781.612034464,849.0
781.862674938,845.0
782.113305525,853.0
782.363926224,833.0
782.614537033,844.0
782.865137952,850.0
783.115728978,844.0
783.366310111,838.0
783.616881349,838.0
783.867442691,846.0
784.117994135,841.0
784.368535679,842.0
784.619067324,838.0
784.869589067,843.0
785.120100906,846.0
785.370602841,846.0
785.621094871,853.0
785.871576993,846.0
786.122049206,850.0
786.372511509,836.0
786.622963902,843.0
786.873406381,836.0
787.123838947,846.0
787.374261597,850.0
787.62467433,850.0
787.875077145,845.0
788.125470041,858.0
788.375853015,843.0
788.626226068,848.0
788.876589197,834.0
789.126942401,838.0
789.377285679,836.0
789.627619029,841.0
789.87794245,828.0
790.128255941,837.0
790.378559499,834.0
790.628853125,841.0
790.879136816,842.0
791.129410572,847.0
791.37967439,836.0
791.629928269,841.0
791.880172209,841.0
792.130406207,848.0
792.380630263,836.0
792.630844375,825.0
792.881048541,832.0
793.13124276,841.0
793.381427031,833.0
793.631601353,835.0
793.881765724,839.0
794.131920143,842.0
794.382064608,846.0
794.632199118,852.0
794.882323672,847.0
795.132438268,840.0
795.382542905,838.0
795.632637582,845.0
795.882722297,842.0
796.132797049,841.0
796.382861836,848.0
796.632916658,842.0
796.882961512,838.0
797.132996398,839.0
797.383021314,826.0
797.633036258,836.0
797.88304123,845.0
798.133036227,846.0
798.38302125,843.0
798.632996295,850.0
798.882961363,840.0
799.132916451,835.0
799.382861558,839.0
799.632796682,835.0
799.882721824,839.0
800.13263698,844.0
800.38254215,840.0
800.632437332,827.0
800.882322526,833.0
801.132197728,862.0
801.38206294,851.0
801.631918158,846.0
801.881763381,838.0
802.131598609,836.0
802.381423839,829.0
802.631239071,831.0
802.881044303,832.0
803.130839533,840.0
803.380624761,833.0
803.630399985,833.0
803.880165203,840.0
804.129920415,841.0
804.379665618,834.0
804.629400813,843.0
804.879125996,852.0
805.128841167,844.0
805.378546324,831.0
805.628241466,852.0
805.877926593,847.0
806.127601701,841.0
806.37726679,841.0
806.626921859,844.0
806.876566906,832.0
807.126201931,830.0
807.37582693,837.0
807.625441904,826.0
807.87504685,830.0
808.124641768,835.0
808.374226656,834.0
808.623801513,830.0
808.873366337,831.0
809.122921127,836.0
809.372465881,836.0
809.622000599,836.0
809.871525279,839.0
810.121039919,834.0
810.370544518,837.0
810.620039075,848.0
810.869523589,823.0
811.118998057,826.0
811.368462479,825.0
811.617916854,838.0
811.867361179,834.0
812.116795454,846.0
812.366219678,836.0
812.615633848,839.0
812.865037964,837.0
813.114432023,828.0
813.363816026,822.0
813.61318997,830.0
813.862553854,826.0
814.111907677,829.0
814.361251437,832.0
814.610585133,835.0
814.859908764,843.0
815.109222327,833.0
815.358525823,843.0
815.607819249,833.0
815.857102605,824.0
816.106375888,837.0
816.355639097,836.0
816.604892232,829.0
816.85413529,831.0
817.103368271,824.0
817.352591173,827.0
817.601803994,825.0
817.851006733,821.0
818.100199389,832.0
818.349381961,833.0
818.598554447,832.0
818.847716846,829.0
819.096869156,838.0
819.346011376,838.0
819.595143505,837.0
819.844265541,833.0
820.093377483,835.0
820.34247933,834.0
820.59157108,841.0
820.840652732,838.0
821.089724284,839.0
821.338785735,844.0
821.587837085,844.0
821.83687833,844.0
822.085909471,838.0
822.334930505,831.0
822.583941432,845.0
822.83294225,834.0
823.081932957,850.0
823.330913552,841.0
823.579884035,835.0
823.828844403,845.0
824.077794655,836.0
824.326734789,833.0
824.575664805,840.0
824.824584702,838.0
825.073494477,824.0
825.322394129,824.0
825.571283657,843.0
825.82016306,843.0
826.069032336,842.0
826.317891484,840.0
826.566740502,831.0
826.81557939,838.0
827.064408145,846.0
827.313226767,834.0
827.562035253,838.0
827.810833604,837.0
828.059621817,842.0
828.30839989,839.0
828.557167824,847.0
828.805925615,848.0
829.054673264,839.0
829.303410768,847.0
829.552138126,830.0
829.800855337,830.0
830.049562399,833.0
830.298259311,823.0
830.546946072,833.0
830.79562268,830.0
831.044289135,842.0
831.292945433,846.0
831.541591576,849.0
831.790227559,844.0
832.038853384,832.0
832.287469048,828.0
832.536074549,838.0
832.784669887,837.0
833.03325506,839.0
833.281830066,841.0
833.530394905,844.0
833.778949575,841.0
834.027494074,835.0
834.276028402,836.0
834.524552556,840.0
834.773066536,839.0
835.02157034,836.0
835.270063967,837.0
835.518547415,828.0
835.767020684,836.0
836.015483771,841.0
836.263936675,821.0
836.512379396,834.0
836.76081193,834.0
837.009234279,840.0
837.257646439,844.0
837.506048409,844.0
837.754440189,838.0
838.002821776,836.0
838.25119317,837.0
838.499554369,825.0
838.747905371,836.0
838.996246176,847.0
839.244576782,840.0
839.492897188,835.0
839.741207391,841.0
839.989507392,834.0
840.237797188,842.0
840.486076778,838.0
840.734346161,840.0
840.982605335,845.0
841.2308543,840.0
841.479093053,840.0
841.727321593,832.0
841.97553992,844.0
842.223748031,858.0
842.471945925,852.0
842.720133601,836.0
842.968311057,839.0
843.216478293,844.0
843.464635307,832.0
843.712782096,836.0
843.960918661,835.0
844.209045,835.0
844.457161111,834.0
844.705266993,836.0
844.953362644,833.0
845.201448064,837.0
845.449523251,836.0
845.697588203,841.0
845.945642919,834.0
846.193687398,833.0
846.441721638,846.0
846.689745639,835.0
846.937759398,842.0
847.185762914,843.0
847.433756187,842.0
847.681739214,848.0
847.929711994,830.0
848.177674526,840.0
848.425626809,844.0
848.67356884,849.0
848.92150062,845.0
849.169422146,833.0
849.417333417,828.0
849.665234431,838.0
849.913125188,836.0
850.161005686,836.0
850.408875924,844.0
850.6567359,838.0
850.904585612,833.0
851.15242506,835.0
851.400254243,830.0
851.648073158,836.0
851.895881804,842.0
852.14368018,840.0
852.391468286,832.0
852.639246118,828.0
852.887013677,836.0
853.13477096,840.0
853.382517966,831.0
853.630254694,832.0
853.877981143,829.0
854.12569731,830.0
854.373403196,852.0
854.621098798,840.0
854.868784115,829.0
855.116459145,833.0
855.364123888,830.0
855.611778342,842.0
855.859422506,839.0
856.107056378,851.0
856.354679956,842.0
856.60229324,842.0
856.849896229,844.0
857.09748892,835.0
857.345071312,844.0
857.592643405,842.0
857.840205196,845.0
858.087756684,830.0
858.335297869,850.0
858.582828748,847.0
858.83034932,822.0
859.077859584,841.0
859.325359539,848.0
859.572849183,848.0
859.820328514,833.0
860.067797532,836.0
860.315256235,836.0
860.562704622,832.0
860.810142691,844.0
861.057570441,851.0
861.304987871,846.0
861.552394978,842.0
861.799791763,837.0
862.047178223,826.0
862.294554357,838.0
862.541920164,828.0
862.789275643,833.0
863.036620791,828.0
863.283955609,843.0
863.531280093,835.0
863.778594244,830.0
864.025898059,848.0
864.273191537,839.0
864.520474677,841.0
864.767747478,836.0
865.015009938,833.0
865.262262055,836.0
865.509503829,841.0
865.756735258,846.0
866.003956341,840.0
866.251167076,844.0
866.498367462,861.0
866.745557497,849.0
866.992737181,829.0
867.239906512,847.0
867.487065488,836.0
867.734214108,834.0
867.981352371,839.0
868.228480276,850.0
868.47559782,850.0
868.722705003,846.0
868.969801824,837.0
869.21688828,844.0
869.463964372,842.0
869.711030096,842.0
869.958085452,836.0
870.205130439,819.0
870.452165054,833.0
870.699189298,844.0
870.946203168,842.0
871.193206663,832.0
871.440199782,838.0
871.687182523,840.0
871.934154885,840.0
872.181116866,838.0
872.428068466,832.0
872.675009683,837.0
872.921940515,826.0
873.168860961,837.0
873.41577102,841.0
873.662670691,840.0
873.909559971,841.0
874.15643886,840.0
874.403307357,849.0
874.650165459,845.0
874.897013166,842.0
875.143850477,848.0
875.390677389,850.0
875.637493901,839.0
875.884300013,837.0
876.131095723,840.0
876.377881029,846.0
876.62465593,836.0
876.871420424,838.0
877.118174511,828.0
877.364918189,837.0
877.611651457,834.0
877.858374313,836.0
878.105086755,830.0
878.351788783,835.0
878.598480396,826.0
878.845161591,817.0
879.091832367,829.0
879.338492724,842.0
879.585142659,841.0
879.831782171,838.0
880.07841126,845.0
880.325029923,853.0
880.571638159,841.0
880.818235967,841.0
881.064823346,832.0
881.311400293,840.0
881.557966809,844.0
881.804522891,840.0
882.051068538,845.0
882.297603749,844.0
882.544128522,838.0
882.790642856,833.0
883.037146749,839.0
883.283640201,840.0
883.530123209,843.0
883.776595774,841.0
884.023057892,840.0
884.269509563,841.0
884.515950785,848.0
884.762381558,844.0
885.008801879,834.0
885.255211747,848.0
885.501611162,843.0
885.748000121,834.0
885.994378623,842.0
886.240746667,841.0
886.487104252,838.0
886.733451375,837.0
886.979788037,835.0
887.226114235,845.0
887.472429968,841.0
887.718735234,833.0
887.965030033,827.0
888.211314363,845.0
888.457588223,853.0
888.70385161,860.0
888.950104525,854.0
889.196346965,844.0
889.442578929,846.0
889.688800416,850.0
889.935011425,851.0
890.181211953,858.0
890.427402,857.0
890.673581565,837.0
890.919750645,828.0
891.16590924,826.0
891.412057348,822.0
891.658194968,839.0
891.904322099,837.0
892.150438738,840.0
892.396544886,843.0
892.64264054,841.0
892.888725699,843.0
893.134800361,830.0
893.380864526,841.0
893.626918192,838.0
893.872961357,843.0
894.118994021,839.0
894.365016182,827.0
894.611027838,846.0
894.857028988,840.0
895.103019631,849.0
895.348999765,840.0
895.59496939,841.0
895.840928503,837.0
896.086877103,850.0
896.332815189,850.0
896.57874276,849.0
896.824659814,838.0
897.07056635,854.0
897.316462367,852.0
897.562347863,849.0
897.808222836,844.0
898.054087286,839.0
898.299941211,837.0
898.545784609,840.0
898.79161748,834.0
899.037439822,832.0
899.283251633,826.0
899.529052913,838.0
899.774843659,833.0
900.020623871,825.0
900.266393547,825.0
900.512152686,832.0
900.757901287,839.0
901.003639347,833.0
901.249366866,837.0
901.495083842,840.0
901.740790275,833.0
901.986486161,840.0
902.232171501,848.0
902.477846293,839.0
902.723510536,834.0
902.969164227,829.0
903.214807367,852.0
903.460439953,838.0
903.706061983,820.0
903.951673458,828.0
904.197274375,838.0
904.442864732,838.0
904.68844453,843.0
904.934013765,845.0
905.179572438,844.0
905.425120546,837.0
905.670658088,832.0
905.916185062,834.0
906.161701469,846.0
906.407207305,850.0
906.65270257,844.0
906.898187262,830.0
907.14366138,838.0
907.389124923,832.0
907.634577889,836.0
907.880020277,839.0
908.125452086,838.0
908.370873313,836.0
908.616283958,845.0
908.86168402,836.0
909.107073497,834.0
909.352452387,836.0
909.59782069,842.0
909.843178404,839.0
910.088525527,840.0
910.333862058,839.0
910.579187997,841.0
910.82450334,840.0
911.069808088,829.0
911.315102239,848.0
911.560385791,848.0
911.805658744,848.0
912.050921094,823.0
912.296172843,832.0
912.541413987,845.0
912.786644525,837.0
913.031864457,839.0
913.277073781,832.0
913.522272496,841.0
913.767460599,839.0
914.01263809,836.0
914.257804968,822.0
914.50296123,830.0
914.748106877,839.0
914.993241905,838.0
915.238366315,833.0
915.483480104,836.0
915.728583272,842.0
915.973675816,845.0
916.218757736,835.0
916.46382903,844.0
916.708889696,836.0
916.953939734,847.0
917.198979142,832.0
917.444007919,837.0
917.689026063,834.0
917.934033573,836.0
918.179030448,833.0
918.424016686,838.0
918.668992286,834.0
918.913957246,845.0
919.158911565,844.0
919.403855242,845.0
919.648788276,839.0
919.893710664,846.0
920.138622407,824.0
920.383523501,834.0
920.628413947,833.0
920.873293742,845.0
921.118162885,846.0
921.363021375,842.0
921.607869211,846.0
921.852706391,837.0
922.097532913,849.0
922.342348777,842.0
922.587153981,836.0
922.831948524,824.0
923.076732404,831.0
923.32150562,835.0
923.566268171,847.0
923.811020054,836.0
924.05576127,835.0
924.300491816,827.0
924.545211691,838.0
924.789920894,838.0
925.034619424,840.0
925.279307278,838.0
925.523984456,839.0
925.768650957,832.0
926.013306778,837.0
926.257951919,833.0
926.502586378,829.0
926.747210155,846.0
926.991823246,839.0
927.236425652,829.0
927.48101737,842.0
927.7255984,837.0
927.97016874,829.0
928.214728389,837.0
928.459277345,833.0
928.703815606,834.0
928.948343173,833.0
929.192860043,830.0
929.437366214,835.0
929.681861686,836.0
929.926346457,832.0
930.170820526,842.0
930.415283891,833.0
930.659736552,830.0
930.904178506,835.0
931.148609752,833.0
931.39303029,840.0
931.637440116,835.0
931.881839232,818.0
932.126227634,827.0
932.370605321,842.0
932.614972293,838.0
932.859328547,835.0
933.103674083,835.0
933.348008899,828.0
933.592332993,832.0
933.836646365,834.0
934.080949013,840.0
934.325240935,834.0
934.56952213,836.0
934.813792598,829.0
935.058052336,836.0
935.302301343,836.0
935.546539618,837.0
935.790767159,838.0
936.034983965,838.0
936.279190035,830.0
936.523385367,815.0
936.76756996,824.0
937.011743813,843.0
937.255906924,833.0
937.500059292,840.0
937.744200915,830.0
937.988331793,837.0
938.232451923,836.0
938.476561305,830.0
938.720659936,817.0
938.964747817,830.0
939.208824944,833.0
939.452891318,831.0
939.696946936,841.0
939.940991798,840.0
940.185025901,833.0
940.429049245,820.0
940.673061828,835.0
940.917063648,836.0
941.161054705,833.0
941.405034998,825.0
941.649004523,828.0
941.892963281,825.0
942.13691127,830.0
942.380848489,833.0
942.624774936,838.0
942.86869061,830.0
943.112595509,825.0
943.356489632,837.0
943.600372978,832.0
943.844245546,832.0
944.088107333,841.0
944.33195834,850.0
944.575798563,839.0
944.819628003,824.0
945.063446657,828.0
945.307254524,841.0
945.551051603,839.0
945.794837893,818.0
946.038613392,823.0
946.282378098,838.0
946.526132011,830.0
946.769875129,825.0
947.013607451,835.0
947.257328975,834.0
947.5010397,832.0
947.744739624,838.0
947.988428747,823.0
948.232107067,825.0
948.475774582,828.0
948.719431291,832.0
948.963077193,844.0
949.206712286,833.0
949.45033657,811.0
949.693950042,824.0
949.937552701,832.0
950.181144546,836.0
950.424725576,832.0
950.66829579,836.0
950.911855185,839.0
951.15540376,826.0
951.398941515,826.0
951.642468447,822.0
951.885984556,842.0
952.12948984,839.0
952.372984297,834.0
952.616467927,836.0
952.859940728,833.0
953.103402698,825.0
953.346853837,832.0
953.590294142,827.0
953.833723613,822.0
954.077142248,819.0
954.320550046,828.0
954.563947005,830.0
954.807333125,829.0
955.050708402,836.0
955.294072838,832.0
955.537426429,816.0
955.780769175,821.0
956.024101074,835.0
956.267422125,833.0
956.510732326,830.0
956.754031676,827.0
956.997320175,845.0
957.240597819,829.0
957.483864609,843.0
957.727120542,828.0
957.970365618,825.0
958.213599835,824.0
958.456823191,834.0
958.700035685,829.0
958.943237317,836.0
959.186428083,830.0
959.429607984,832.0
959.672777018,832.0
959.915935183,833.0
960.159082478,835.0
960.402218902,829.0
960.645344453,819.0
960.88845913,838.0
961.131562932,830.0
961.374655856,823.0
961.617737903,838.0
961.86080907,842.0
962.103869357,828.0
962.346918761,835.0
962.589957281,835.0
962.832984917,828.0
963.076001666,828.0
963.319007527,833.0
963.5620025,832.0
963.804986582,835.0
964.047959772,824.0
964.290922069,828.0
964.533873472,819.0
964.776813979,823.0
965.019743588,816.0
965.262662299,822.0
965.50557011,832.0
965.74846702,829.0
965.991353026,829.0
966.234228129,838.0
966.477092327,825.0
966.719945617,831.0
966.962788,829.0
967.205619473,838.0
967.448440035,840.0
967.691249685,838.0
967.934048421,834.0
968.176836243,826.0
968.419613148,820.0
968.662379135,822.0
968.905134203,822.0
969.147878351,817.0
969.390611577,822.0
969.63333388,828.0
969.876045259,829.0
970.118745711,819.0
970.361435237,829.0
970.604113833,819.0
970.8467815,823.0
971.089438235,829.0
971.332084038,837.0
971.574718907,832.0
971.81734284,830.0
972.059955837,839.0
972.302557895,836.0
972.545149014,837.0
972.787729192,834.0
973.030298428,840.0
973.27285672,838.0
973.515404067,832.0
973.757940468,832.0
974.000465921,822.0
974.242980425,826.0
974.485483979,844.0
974.727976581,838.0
974.970458229,825.0
975.212928924,824.0
975.455388662,832.0
975.697837443,830.0
975.940275266,832.0
976.182702128,834.0
976.425118029,833.0
976.667522968,824.0
976.909916942,821.0
977.152299952,823.0
977.394671994,832.0
977.637033068,828.0
977.879383173,824.0
978.121722306,824.0
978.364050468,832.0
978.606367656,838.0
978.848673869,826.0
979.090969105,829.0
979.333253364,834.0
979.575526644,844.0
979.817788944,843.0
980.060040262,831.0
980.302280596,839.0
980.544509946,832.0
980.78672831,852.0
981.028935687,839.0
981.271132076,830.0
981.513317474,812.0
981.755491881,828.0
981.997655295,831.0
982.239807716,841.0
982.481949141,838.0
982.724079569,836.0
982.966198999,827.0
983.208307429,841.0
983.450404859,838.0
983.692491286,837.0
983.93456671,837.0
984.176631129,832.0
984.418684541,830.0
984.660726946,826.0
984.902758341,820.0
985.144778727,836.0
985.3867881,821.0
985.628786461,817.0
985.870773806,827.0
986.112750136,817.0
986.354715449,823.0
986.596669743,832.0
986.838613017,831.0
987.08054527,826.0
987.3224665,822.0
987.564376706,823.0
987.806275887,835.0
988.048164041,835.0
988.290041167,830.0
988.531907263,836.0
988.773762328,822.0
989.015606362,836.0
989.257439361,825.0
989.499261326,841.0
989.741072254,831.0
989.982872144,843.0
990.224660996,836.0
990.466438807,819.0
990.708205576,832.0
990.949961302,832.0
991.191705984,827.0
991.43343962,832.0
991.675162208,828.0
991.916873748,831.0
992.158574238,832.0
992.400263677,828.0
992.641942063,830.0
992.883609395,832.0
993.125265671,838.0
993.366910891,828.0
993.608545052,831.0
993.850168154,828.0
994.091780195,840.0
994.333381174,837.0
994.57497109,833.0
994.81654994,828.0
995.058117724,833.0
995.29967444,832.0
995.541220088,824.0
995.782754664,826.0
996.024278169,828.0
996.265790601,837.0
996.507291959,830.0
996.74878224,824.0
996.990261445,824.0
997.23172957,834.0
997.473186616,832.0
997.71463258,825.0
997.956067462,833.0
998.19749126,834.0
998.438903972,827.0
998.680305597,838.0
998.921696135,832.0
999.163075583,828.0
999.404443939,826.0
999.645801204,834.0
999.887147375,842.0
1000.12848245,833.0
1000.36980643,824.0
1000.61111931,833.0
1000.8524211,835.0
1001.09371178,822.0
1001.33499136,818.0
1001.57625984,818.0
1001.81751721,826.0
1002.05876348,841.0
1002.29999864,826.0
1002.54122269,823.0
1002.78243563,832.0
1003.02363746,837.0
1003.26482818,832.0
1003.50600778,830.0
1003.74717627,822.0
1003.98833364,829.0
1004.22947989,841.0
1004.47061503,839.0
1004.71173904,840.0
1004.95285193,837.0
1005.1939537,836.0
1005.43504434,828.0
1005.67612386,836.0
1005.91719224,836.0
1006.1582495,848.0
1006.39929563,834.0
1006.64033063,823.0
1006.88135449,827.0
1007.12236722,832.0
1007.36336881,844.0
1007.60435927,844.0
1007.84533859,844.0
1008.08630676,841.0
1008.3272638,833.0
1008.56820969,834.0
1008.80914444,827.0
1009.05006804,832.0
1009.2909805,836.0
1009.53188181,826.0
1009.77277197,828.0
1010.01365098,835.0
1010.25451883,825.0
1010.49537554,829.0
1010.73622108,828.0
1010.97705548,837.0
1011.21787871,832.0
1011.45869078,826.0
1011.6994917,831.0
1011.94028145,829.0
1012.18106004,842.0
1012.42182746,838.0
1012.66258372,840.0
1012.90332881,848.0
1013.14406274,842.0
1013.38478549,828.0
1013.62549707,835.0
1013.86619748,842.0
1014.10688672,840.0
1014.34756478,818.0
1014.58823166,829.0
1014.82888736,829.0
1015.06953189,817.0
1015.31016523,826.0
1015.55078739,842.0
1015.79139837,832.0
1016.03199817,834.0
1016.27258677,839.0
1016.51316419,832.0
1016.75373042,831.0
1016.99428546,823.0
1017.23482931,832.0
1017.47536197,842.0
1017.71588343,845.0
1017.95639369,824.0
1018.19689276,835.0
1018.43738063,845.0
1018.67785729,830.0
1018.91832276,822.0
1019.15877703,827.0
1019.39922009,834.0
1019.63965194,828.0
1019.88007259,836.0
1020.12048203,838.0
1020.36088026,827.0
1020.60126728,832.0
1020.84164309,834.0
1021.08200768,828.0
1021.32236106,828.0
1021.56270323,836.0
1021.80303417,840.0
1022.0433539,838.0
1022.2836624,852.0
1022.52395969,843.0
1022.76424575,840.0
1023.00452058,837.0
1023.24478419,835.0
1023.48503658,838.0
1023.72527773,834.0
1023.96550766,842.0
1024.20572635,840.0
1024.44593381,835.0
1024.68613004,843.0
1024.92631503,835.0
1025.16648878,839.0
1025.4066513,833.0
1025.64680257,825.0
1025.88694261,831.0
1026.1270714,829.0
1026.36718895,832.0
1026.60729526,841.0
1026.84739031,828.0
1027.08747413,832.0
1027.32754669,827.0
1027.567608,830.0
1027.80765806,822.0
1028.04769686,828.0
1028.28772442,829.0
1028.52774071,822.0
1028.76774575,836.0
1029.00773953,837.0
1029.24772205,836.0
1029.48769331,842.0
1029.72765331,836.0
1029.96760204,836.0
1030.20753951,824.0
1030.44746571,832.0
1030.68738064,834.0
1030.9272843,844.0
1031.16717669,837.0
1031.40705781,829.0
1031.64692766,835.0
1031.88678623,840.0
1032.12663352,840.0
1032.36646954,844.0
1032.60629427,836.0
1032.84610773,835.0
1033.08590991,835.0
1033.3257008,841.0
1033.56548041,836.0
1033.80524873,840.0
1034.04500576,839.0
1034.28475151,834.0
1034.52448596,842.0
1034.76420913,838.0
1035.003921,828.0
1035.24362158,833.0
1035.48331086,825.0
1035.72298885,833.0
1035.96265553,832.0
1036.20231092,837.0
1036.44195501,838.0
1036.68158779,817.0
1036.92120927,824.0
1037.16081945,838.0
1037.40041832,829.0
1037.64000588,831.0
1037.87958214,831.0
1038.11914708,840.0
1038.35870071,840.0
1038.59824303,829.0
1038.83777403,840.0
1039.07729372,845.0
1039.31680209,839.0
1039.55629914,833.0
1039.79578487,831.0
1040.03525928,838.0
1040.27472237,831.0
1040.51417413,835.0
1040.75361457,832.0
1040.99304368,830.0
1041.23246146,837.0
1041.47186792,829.0
1041.71126304,830.0
1041.95064683,850.0
1042.19001929,836.0
1042.42938041,837.0
1042.6687302,826.0
1042.90806864,826.0
1043.14739575,816.0
1043.38671152,822.0
1043.62601595,827.0
1043.86530903,819.0
1044.10459077,834.0
1044.34386116,836.0
1044.58312021,834.0
1044.82236791,836.0
1045.06160425,836.0
1045.30082925,843.0
1045.54004289,831.0
1045.77924518,829.0
1046.01843612,819.0
1046.25761569,842.0
1046.49678391,831.0
1046.73594077,843.0
1046.97508627,828.0
1047.21422041,828.0
1047.45334318,843.0
1047.69245459,832.0
1047.93155463,832.0
1048.1706433,833.0
1048.40972061,810.0
1048.64878654,836.0
1048.8878411,833.0
1049.12688429,840.0
1049.36591611,826.0
1049.60493654,845.0
1049.84394561,834.0
1050.08294329,833.0
1050.32192959,828.0
1050.56090451,833.0
1050.79986805,830.0
1051.03882021,842.0
1051.27776098,830.0
1051.51669036,834.0
1051.75560835,832.0
1051.99451496,828.0
1052.23341017,824.0
1052.47229399,845.0
1052.71116642,841.0
1052.95002746,849.0
1053.18887709,836.0
1053.42771533,839.0
1053.66654217,836.0
1053.90535761,841.0
1054.14416165,841.0
1054.38295429,845.0
1054.62173552,830.0
1054.86050534,827.0
1055.09926376,837.0
1055.33801077,839.0
1055.57674636,834.0
1055.81547055,841.0
1056.05418333,831.0
1056.29288469,841.0
1056.53157463,840.0
1056.77025316,838.0
1057.00892027,841.0
1057.24757596,839.0
1057.48622023,834.0
1057.72485308,836.0
1057.9634745,835.0
1058.2020845,838.0
1058.44068307,833.0
1058.67927022,850.0
1058.91784593,834.0
1059.15641022,846.0
1059.39496307,836.0
1059.63350449,835.0
1059.87203448,848.0
1060.11055303,834.0
1060.34906014,829.0
1060.58755582,840.0
1060.82604005,829.0
1061.06451284,822.0
1061.30297419,829.0
1061.5414241,822.0
1061.77986256,827.0
1062.01828958,832.0
1062.25670514,835.0
1062.49510926,829.0
1062.73350192,835.0
1062.97188314,838.0
1063.2102529,844.0
1063.4486112,833.0
1063.68695805,836.0
1063.92529344,836.0
1064.16361737,832.0
1064.40192984,836.0
1064.64023085,832.0
1064.8785204,837.0
1065.11679848,833.0
1065.35506509,815.0
1065.59332024,828.0
1065.83156392,837.0
1066.06979613,826.0
1066.30801687,833.0
1066.54622614,826.0
1066.78442393,834.0
1067.02261025,822.0
1067.26078509,833.0
1067.49894845,817.0
1067.73710033,826.0
1067.97524073,820.0
1068.21336965,821.0
1068.45148708,832.0
1068.68959303,824.0
1068.9276875,812.0
1069.16577047,832.0
1069.40384196,828.0
1069.64190196,834.0
1069.87995046,825.0
1070.11798748,840.0
1070.35601299,823.0
1070.59402701,832.0
1070.83202954,836.0
1071.07002056,845.0
1071.30800009,830.0
1071.54596811,837.0
1071.78392463,836.0
1072.02186965,837.0
1072.25980316,829.0
1072.49772517,831.0
1072.73563567,827.0
1072.97353465,832.0
1073.21142213,828.0
1073.4492981,838.0
1073.68716255,842.0
1073.92501548,821.0
1074.1628569,817.0
1074.4006868,840.0
1074.63850519,854.0
1074.87631205,835.0
1075.11410739,830.0
1075.35189121,826.0
1075.5896635,834.0
1075.82742427,844.0
1076.06517351,845.0
1076.30291122,834.0
1076.5406374,826.0
1076.77835205,836.0
1077.01605517,832.0
1077.25374675,840.0
1077.4914268,841.0
1077.72909531,819.0
1077.96675228,827.0
1078.20439771,831.0
1078.44203161,822.0
1078.67965396,821.0
1078.91726476,829.0
1079.15486402,849.0
1079.39245174,828.0
1079.63002791,833.0
1079.86759253,831.0
1080.10514559,830.0
1080.34268711,820.0
1080.58021707,830.0
1080.81773548,828.0
1081.05524233,836.0
1081.29273763,837.0
1081.53022137,841.0
1081.76769354,837.0
1082.00515416,830.0
1082.24260321,833.0
1082.4800407,837.0
1082.71746662,841.0
1082.95488098,841.0
1083.19228377,824.0
1083.42967499,816.0
1083.66705463,818.0
1083.90442271,828.0
1084.14177921,829.0
1084.37912414,830.0
1084.61645749,828.0
1084.85377926,836.0
1085.09108946,833.0
1085.32838807,828.0
1085.5656751,824.0
1085.80295055,827.0
1086.04021442,824.0
1086.27746669,834.0
1086.51470739,835.0
1086.75193649,837.0
1086.989154,830.0
1087.22635992,821.0
1087.46355425,814.0
1087.70073698,830.0
1087.93790812,823.0
1088.17506766,828.0
1088.41221561,830.0
1088.64935195,839.0
1088.8864767,838.0
1089.12358984,835.0
1089.36069138,821.0
1089.59778131,826.0
1089.83485964,824.0
1090.07192635,820.0
1090.30898146,828.0
1090.54602496,825.0
1090.78305685,832.0
1091.02007712,821.0
1091.25708578,838.0
1091.49408283,843.0
1091.73106825,835.0
1091.96804206,835.0
1092.20500425,832.0
1092.44195482,829.0
1092.67889376,833.0
1092.91582108,830.0
1093.15273678,828.0
1093.38964084,828.0
1093.62653328,825.0
1093.86341409,822.0
1094.10028327,828.0
1094.33714082,825.0
1094.57398673,829.0
1094.81082101,824.0
1095.04764365,824.0
1095.28445466,829.0
1095.52125402,828.0
1095.75804175,836.0
1095.99481783,831.0
1096.23158227,829.0
1096.46833507,844.0
1096.70507622,849.0
1096.94180572,850.0
1097.17852357,835.0
1097.41522977,829.0
1097.65192433,819.0
1097.88860723,822.0
1098.12527847,842.0
1098.36193806,846.0
1098.598586,833.0
1098.83522227,838.0
1099.07184689,837.0
1099.30845984,842.0
1099.54506113,832.0
1099.78165076,823.0
1100.01822873,817.0
1100.25479502,825.0
1100.49134965,824.0
1100.72789261,839.0
1100.9644239,836.0
1101.20094352,828.0
1101.43745147,831.0
1101.67394774,827.0
1101.91043234,832.0
1102.14690525,828.0
1102.38336649,837.0
1102.61981605,835.0
1102.85625393,836.0
1103.09268012,837.0
1103.32909464,831.0
1103.56549746,826.0
1103.8018886,823.0
1104.03826805,830.0
1104.27463581,830.0
1104.51099188,836.0
1104.74733626,827.0
1104.98366894,817.0
1105.21998993,826.0
1105.45629923,834.0
1105.69259682,818.0
1105.92888272,816.0
1106.16515692,828.0
1106.40141941,831.0
1106.6376702,834.0
1106.87390929,832.0
1107.11013667,849.0
1107.34635234,843.0
1107.58255631,836.0
1107.81874856,842.0
1108.0549291,837.0
1108.29109793,834.0
1108.52725505,831.0
1108.76340045,841.0
1108.99953414,832.0
1109.2356561,822.0
1109.47176635,824.0
1109.70786488,819.0
1109.94395168,828.0
1110.18002676,836.0
1110.41609012,826.0
1110.65214174,825.0
1110.88818165,827.0
1111.12420982,833.0
1111.36022626,829.0
1111.59623097,818.0
1111.83222394,825.0
1112.06820519,822.0
1112.30417469,824.0
1112.54013246,819.0
1112.77607849,821.0
1113.01201278,830.0
1113.24793533,834.0
1113.48384614,821.0
1113.7197452,829.0
1113.95563252,826.0
1114.19150809,829.0
1114.42737191,826.0
1114.66322398,830.0
1114.8990643,827.0
1115.13489287,829.0
1115.37070969,812.0
1115.60651475,834.0
1115.84230805,836.0
1116.0780896,829.0
1116.31385939,824.0
1116.54961741,830.0
1116.78536368,817.0
1117.02109818,820.0
1117.25682092,839.0
1117.49253189,824.0
1117.7282311,820.0
1117.96391853,824.0
1118.1995942,823.0
1118.43525809,824.0
1118.67091021,824.0
1118.90655056,818.0
1119.14217913,828.0
1119.37779593,831.0
1119.61340095,830.0
1119.84899418,823.0
1120.08457564,816.0
1120.32014532,836.0
1120.55570321,835.0
1120.79124931,826.0
1121.02678363,817.0
1121.26230617,821.0
1121.49781691,819.0
1121.73331586,826.0
1121.96880302,826.0
1122.20427839,839.0
1122.43974196,844.0
1122.67519374,833.0
1122.91063372,821.0
1123.1460619,823.0
1123.38147828,831.0
1123.61688286,837.0
1123.85227564,837.0
1124.08765661,837.0
1124.32302578,837.0
1124.55838314,837.0
1124.7937287,837.0
1125.02906244,837.0
1125.26438437,837.0
1125.49969449,837.0
1125.7349928,837.0
1125.97027929,837.0
1126.20555397,837.0
1126.44081682,837.0
1126.67606786,837.0
1126.91130708,837.0
1127.14653448,837.0
1127.38175005,837.0
1127.6169538,837.0
1127.85214572,837.0
1128.08732582,837.0
1128.32249409,837.0
1128.55765052,837.0
1128.79279513,837.0
1129.0279279,837.0
1129.26304884,837.0
1129.49815794,837.0
1129.73325521,837.0
1129.96834064,837.0
1130.20341423,837.0
1130.43847598,837.0
1130.67352588,837.0
1130.90856394,837.0
1131.14359016,837.0
1131.37860453,837.0
1131.61360705,837.0
1131.84859773,837.0
1132.08357655,837.0
1132.31854352,837.0
1132.55349864,837.0
1132.78844191,837.0
1133.02337332,837.0
1133.25829287,837.0
1133.49320056,837.0
1133.72809639,837.0
1133.96298036,837.0
1134.19785247,837.0
1134.43271272,837.0
1134.6675611,837.0
1134.90239761,837.0
1135.13722225,837.0
1135.37203503,837.0
1135.60683593,837.0
1135.84162496,837.0
1136.07640212,837.0
1136.3111674,837.0
1136.54592081,837.0
1136.78066234,837.0
1137.01539199,837.0
1137.25010976,837.0
1137.48481564,837.0
1137.71950965,837.0
1137.95419177,837.0
1138.188862,837.0
1138.42352035,837.0
1138.65816681,837.0
1138.89280137,837.0
1139.12742405,837.0
1139.36203483,837.0
1139.59663372,837.0
1139.83122072,837.0
1140.06579582,837.0
1140.30035902,837.0
1140.53491032,837.0
1140.76944972,837.0
1141.00397721,837.0
1141.23849281,837.0
1141.47299649,837.0
1141.70748828,837.0
1141.94196815,837.0
1142.17643612,837.0
1142.41089217,837.0
1142.64533631,837.0
1142.87976854,837.0
1143.11418886,837.0
1143.34859726,837.0
1143.58299374,837.0
1143.8173783,837.0
1144.05175095,837.0
1144.28611167,837.0
1144.52046047,837.0
1144.75479734,837.0
1144.98912229,837.0
1145.22343532,837.0
1145.45773641,837.0
1145.69202558,837.0
1145.92630281,837.0
1146.16056811,837.0
1146.39482148,837.0
1146.62906292,837.0
1146.86329241,837.0
1147.09750997,837.0
1147.3317156,837.0
1147.56590928,837.0
1147.80009101,837.0
1148.03426081,837.0
1148.26841866,837.0
1148.50256457,837.0
1148.73669852,837.0
1148.97082053,837.0
1149.20493059,837.0
1149.4390287,837.0
1149.67311485,837.0
1149.90718905,837.0
1150.1412513,837.0
1150.37530159,837.0
1150.60933992,837.0
1150.84336629,837.0
1151.0773807,837.0
1151.31138315,837.0
1151.54537363,837.0
1151.77935215,837.0
1152.0133187,837.0
1152.24727329,837.0
1152.48121591,837.0
1152.71514655,837.0
1152.94906523,837.0
1153.18297193,837.0
1153.41686665,837.0
1153.6507494,837.0
1153.88462018,837.0
1154.11847897,837.0
1154.35232579,837.0
1154.58616062,837.0
1154.81998347,837.0
1155.05379434,837.0
1155.28759322,837.0
1155.52138011,837.0
1155.75515502,837.0
1155.98891793,837.0
1156.22266886,837.0
1156.45640779,837.0
1156.69013473,837.0
1156.92384968,837.0
1157.15755263,837.0
1157.39124358,837.0
1157.62492253,837.0
1157.85858948,837.0
1158.09224443,837.0
1158.32588737,837.0
1158.55951832,837.0
1158.79313725,837.0
1159.02674418,837.0
1159.2603391,837.0
1159.49392201,837.0
1159.72749291,837.0
1159.9610518,837.0
1160.19459867,837.0
1160.42813352,837.0
1160.66165636,837.0
1160.89516719,837.0
1161.12866599,837.0
1161.36215277,837.0
1161.59562753,837.0
1161.82909026,837.0
1162.06254097,837.0
1162.29597966,837.0
1162.52940631,837.0
1162.76282094,837.0
1162.99622354,837.0
1163.2296141,837.0
1163.46299263,837.0
1163.69635913,837.0
1163.92971359,837.0
1164.16305602,837.0
1164.3963864,837.0
1164.62970475,837.0
1164.86301105,837.0
1165.09630531,837.0
1165.32958753,837.0
1165.5628577,837.0
1165.79611583,837.0
1166.0293619,837.0
1166.26259593,837.0
1166.49581791,837.0
1166.72902783,837.0