6 111656 84883
7 81285 51476
8 88304 60841
9 88583 60318
10 83311 53882
11 85788 56733
12 84587 56271
13 84609 55474
14 83983 54849
15 86551 58206
16 89950 63128
17 89222 61923
18 88892 61427
19 85346 57094
20 86723 58585
21 69366 36901
22 58320 25417
23 64046 30664
24 65887 32476
25 87679 60192
26 93561 67156
27 85191 56189
28 94781 66457
29 103243 75925
30 60387 28138
31 45686 9518
32 43956 7942
33 47605 15118
34 54983 20873
35 57405 22672
36 57813 24491
37 57755 24353
38 62099 27108
39 58809 24897
40 46836 12945
41 41132 5626
42 41320 4273
43 38941 3586
44 53989 21232
45 68986 35372
46 67370 33477
47 68171 33741
48 70064 36931
49 71438 37633
50 68230 33688
