195.49567,813.0
195.765095591,793.0
196.034514361,806.0
196.30392631,815.0
196.573331437,829.0
196.84272974,829.0
197.112121217,838.0
197.381505868,814.0
197.65088369,815.0
197.920254683,813.0
198.189618846,828.0
198.458976176,825.0
198.728326672,810.0
198.997670334,824.0
199.267007159,818.0
199.536337147,822.0
199.805660296,816.0
200.074976604,816.0
200.344286071,820.0
200.613588695,830.0
200.882884474,828.0
201.152173407,825.0
201.421455493,823.0
201.690730731,829.0
201.959999119,822.0
202.229260655,823.0
202.498515339,815.0
202.767763169,829.0
203.037004143,808.0
203.306238261,819.0
203.575465521,824.0
203.844685921,815.0
204.11389946,817.0
204.383106137,825.0
204.652305951,826.0
204.9214989,816.0
205.190684982,810.0
205.459864197,815.0
205.729036543,823.0
205.998202019,824.0
206.267360622,826.0
206.536512353,816.0
206.805657209,827.0
207.07479519,830.0
207.343926293,828.0
207.613050518,819.0
207.882167863,843.0
208.151278326,835.0
208.420381907,827.0
208.689478604,836.0
208.958568415,838.0
209.22765134,823.0
209.496727377,808.0
209.765796524,826.0
210.034858781,833.0
210.303914145,827.0
210.572962616,832.0
210.842004192,832.0
211.111038871,819.0
211.380066653,833.0
211.649087536,826.0
211.918101519,824.0
212.1871086,821.0
212.456108778,824.0
212.725102051,838.0
212.994088419,833.0
213.263067879,841.0
213.532040431,834.0
213.801006073,824.0
214.069964803,819.0
214.338916621,828.0
214.607861525,833.0
214.876799514,834.0
215.145730586,822.0
215.41465474,826.0
215.683571974,826.0
215.952482288,825.0
216.221385679,823.0
216.490282147,835.0
216.75917169,832.0
217.028054307,828.0
217.296929996,811.0
217.565798756,806.0
217.834660586,825.0
218.103515483,818.0
218.372363448,817.0
218.641204479,817.0
218.910038573,826.0
219.178865731,816.0
219.44768595,820.0
219.716499229,833.0
219.985305567,825.0
220.254104962,811.0
220.522897413,828.0
220.791682918,827.0
221.060461477,829.0
221.329233088,826.0
221.59799775,820.0
221.866755461,818.0
222.135506219,816.0
222.404250024,823.0
222.672986874,806.0
222.941716768,823.0
223.210439704,817.0
223.479155681,819.0
223.747864698,813.0
224.016566753,818.0
224.285261845,820.0
224.553949972,815.0
224.822631134,822.0
225.091305329,813.0
225.359972555,827.0
225.628632811,818.0
225.897286096,832.0
226.165932408,823.0
226.434571746,811.0
226.703204109,809.0
226.971829495,826.0
227.240447903,835.0
227.509059331,825.0
227.777663779,819.0
228.046261245,824.0
228.314851727,829.0
228.583435224,829.0
228.852011735,822.0
229.120581258,824.0
229.389143792,824.0
229.657699336,824.0
229.926247888,826.0
230.194789447,827.0
230.463324012,814.0
230.73185158,825.0
231.000372152,809.0
231.268885725,824.0
231.537392298,827.0
231.80589187,822.0
232.074384439,829.0
232.342870005,830.0
232.611348564,823.0
232.879820118,824.0
233.148284663,821.0
233.416742198,821.0
233.685192723,836.0
233.953636236,812.0
234.222072735,812.0
234.490502219,815.0
234.758924687,820.0
235.027340137,819.0
235.295748568,820.0
235.564149979,831.0
235.832544368,822.0
236.100931735,828.0
236.369312076,819.0
236.637685392,822.0
236.906051681,828.0
237.174410941,834.0
237.442763171,833.0
237.71110837,827.0
237.979446536,827.0
238.247777669,811.0
238.516101766,832.0
238.784418826,834.0
239.052728848,819.0
239.321031831,816.0
239.589327772,814.0
239.857616672,823.0
240.125898528,830.0
240.394173339,823.0
240.662441104,820.0
240.930701822,817.0
241.19895549,825.0
241.467202108,839.0
241.735441674,829.0
242.003674187,823.0
242.271899646,827.0
242.540118049,828.0
242.808329395,828.0
243.076533682,824.0
243.344730909,816.0
243.612921075,820.0
243.881104178,824.0
244.149280218,833.0
244.417449192,834.0
244.685611099,825.0
244.953765938,821.0
245.221913708,832.0
245.490054407,834.0
245.758188033,833.0
246.026314587,816.0
246.294434065,807.0
246.562546467,827.0
246.830651791,821.0
247.098750037,828.0
247.366841202,823.0
247.634925285,818.0
247.903002285,827.0
248.171072201,810.0
248.439135031,825.0
248.707190774,837.0
248.975239428,828.0
249.243280992,828.0
249.511315465,835.0
249.779342845,828.0
250.047363132,819.0
250.315376323,827.0
250.583382417,821.0
250.851381413,815.0
251.11937331,814.0
251.387358106,821.0
251.6553358,829.0
251.92330639,818.0
252.191269875,830.0
252.459226254,825.0
252.727175526,831.0
252.995117688,823.0
253.26305274,833.0
253.53098068,824.0
253.798901508,824.0
254.06681522,818.0
254.334721817,820.0
254.602621297,824.0
254.870513658,829.0
255.1383989,820.0
255.40627702,821.0
255.674148017,813.0
255.942011891,809.0
256.209868639,825.0
256.47771826,825.0
256.745560753,822.0
257.013396117,822.0
257.28122435,825.0
257.549045451,824.0
257.816859418,832.0
258.08466625,825.0
258.352465946,829.0
258.620258505,819.0
258.888043924,813.0
259.155822203,822.0
259.423593341,827.0
259.691357335,810.0
259.959114185,827.0
260.226863889,826.0
260.494606445,819.0
260.762341854,826.0
261.030070112,824.0
261.297791219,819.0
261.565505173,825.0
261.833211974,822.0
262.100911619,823.0
262.368604107,827.0
262.636289437,830.0
262.903967608,808.0
263.171638618,806.0
263.439302466,813.0
263.70695915,828.0
263.97460867,816.0
264.242251023,806.0
264.509886208,805.0
264.777514225,824.0
265.045135071,822.0
265.312748745,836.0
265.580355246,811.0
265.847954573,811.0
266.115546724,835.0
266.383131698,823.0
266.650709493,828.0
266.918280108,818.0
267.185843543,826.0
267.453399794,832.0
267.720948861,825.0
267.988490743,821.0
268.256025439,816.0
268.523552946,822.0
268.791073264,821.0
269.058586391,828.0
269.326092326,816.0
269.593591067,819.0
269.861082613,831.0
270.128566963,818.0
270.396044116,836.0
270.663514069,822.0
270.930976822,808.0
271.198432374,806.0
271.465880722,822.0
271.733321866,822.0
272.000755804,826.0
272.268182535,838.0
272.535602057,840.0
272.803014369,836.0
273.07041947,817.0
273.337817359,830.0
273.605208033,826.0
273.872591492,817.0
274.139967734,821.0
274.407336759,821.0
274.674698564,829.0
274.942053148,847.0
275.209400509,820.0
275.476740648,829.0
275.744073561,822.0
276.011399248,828.0
276.278717707,806.0
276.546028938,817.0
276.813332938,822.0
277.080629706,813.0
277.347919242,804.0
277.615201542,823.0
277.882476607,835.0
278.149744435,814.0
278.417005024,822.0
278.684258374,828.0
278.951504482,828.0
279.218743347,809.0
279.485974969,829.0
279.753199345,828.0
280.020416474,824.0
280.287626355,837.0
280.554828987,826.0
280.822024368,821.0
281.089212497,835.0
281.356393372,820.0
281.623566992,821.0
281.890733356,830.0
282.157892463,817.0
282.42504431,820.0
282.692188897,828.0
282.959326223,842.0
283.226456285,829.0
283.493579083,826.0
283.760694615,834.0
284.027802879,831.0
284.294903876,824.0
284.561997602,823.0
284.829084057,824.0
285.096163239,831.0
285.363235148,824.0
285.630299781,817.0
285.897357137,814.0
286.164407215,814.0
286.431450014,822.0
286.698485532,824.0
286.965513768,818.0
287.23253472,810.0
287.499548387,829.0
287.766554768,826.0
288.033553862,811.0
288.300545666,826.0
288.56753018,839.0
288.834507403,833.0
289.101477332,834.0
289.368439966,826.0
289.635395305,841.0
289.902343347,832.0
290.16928409,838.0
290.436217534,822.0
290.703143676,825.0
290.970062515,821.0
291.23697405,814.0
291.50387828,820.0
291.770775204,823.0
292.037664819,812.0
292.304547125,817.0
292.57142212,822.0
292.838289802,824.0
293.105150172,810.0
293.372003226,818.0
293.638848964,824.0
293.905687384,826.0
294.172518486,818.0
294.439342267,817.0
294.706158726,824.0
294.972967862,832.0
295.239769674,814.0
295.50656416,817.0
295.773351318,822.0
296.040131148,838.0
296.306903649,817.0
296.573668818,814.0
296.840426654,823.0
297.107177156,828.0
297.373920323,827.0
297.640656154,820.0
297.907384646,807.0
298.174105798,823.0
298.44081961,818.0
298.70752608,829.0
298.974225206,814.0
299.240916987,821.0
299.507601422,826.0
299.77427851,820.0
300.040948248,830.0
300.307610636,825.0
300.574265672,818.0
300.840913355,814.0
301.107553684,823.0
301.374186657,821.0
301.640812272,814.0
301.90743053,810.0
302.174041427,829.0
302.440644963,822.0
302.707241136,817.0
302.973829945,819.0
303.240411389,815.0
303.506985466,809.0
303.773552176,820.0
304.040111515,831.0
304.306663484,828.0
304.573208081,833.0
304.839745304,822.0
305.106275152,833.0
305.372797624,824.0
305.639312718,828.0
305.905820433,822.0
306.172320768,821.0
306.438813721,831.0
306.705299291,821.0
306.971777477,813.0
307.238248277,822.0
307.504711689,822.0
307.771167714,819.0
308.037616348,820.0
308.304057591,811.0
308.570491441,809.0
308.836917897,817.0
309.103336958,826.0
309.369748622,823.0
309.636152888,819.0
309.902549755,828.0
310.16893922,819.0
310.435321284,821.0
310.701695944,812.0
310.968063199,823.0
311.234423048,818.0
311.500775489,831.0
311.767120521,828.0
312.033458143,816.0
312.299788353,816.0
312.56611115,814.0
312.832426533,845.0
313.0987345,836.0
313.365035049,829.0
313.63132818,824.0
313.897613891,815.0
314.163892181,813.0
314.430163048,824.0
314.696426491,818.0
314.962682509,818.0
315.2289311,833.0
315.495172263,820.0
315.761405997,822.0
316.027632299,823.0
316.29385117,809.0
316.560062607,816.0
316.826266609,832.0
317.092463175,833.0
317.358652303,823.0
317.624833992,824.0
317.891008241,829.0
318.157175048,827.0
318.423334412,825.0
318.689486331,812.0
318.955630805,827.0
319.221767831,835.0
319.487897409,813.0
319.754019537,831.0
320.020134214,829.0
320.286241438,823.0
320.552341208,833.0
320.818433523,828.0
321.084518381,815.0
321.350595781,817.0
321.616665721,823.0
321.882728201,813.0
322.148783218,831.0
322.414830772,816.0
322.680870861,823.0
322.946903484,823.0
323.212928639,817.0
323.478946325,818.0
323.744956541,827.0
324.010959285,815.0
324.276954555,815.0
324.542942352,823.0
324.808922672,824.0
325.074895516,818.0
325.340860881,823.0
325.606818766,815.0
325.872769169,810.0
326.13871209,816.0
326.404647527,812.0
326.670575479,820.0
326.936495944,819.0
327.202408921,825.0
327.468314408,817.0
327.734212404,821.0
328.000102909,837.0
328.26598592,817.0
328.531861435,824.0
328.797729455,834.0
329.063589977,819.0
329.329443,818.0
329.595288523,805.0
329.861126543,811.0
330.126957061,816.0
330.392780075,814.0
330.658595582,812.0
330.924403582,822.0
331.190204074,828.0
331.455997056,822.0
331.721782526,822.0
331.987560484,813.0
332.253330928,817.0
332.519093857,814.0
332.784849269,825.0
333.050597162,841.0
333.316337537,826.0
333.58207039,827.0
333.847795721,823.0
334.113513529,834.0
334.379223812,834.0
334.644926568,822.0
334.910621797,825.0
335.176309497,829.0
335.441989666,822.0
335.707662304,827.0
335.973327409,830.0
336.238984979,823.0
336.504635013,824.0
336.770277511,812.0
337.035912469,816.0
337.301539888,816.0
337.567159765,817.0
337.8327721,833.0
338.098376891,829.0
338.363974136,817.0
338.629563835,826.0
338.895145986,828.0
339.160720587,821.0
339.426287637,826.0
339.691847135,822.0
339.95739908,823.0
340.22294347,814.0
340.488480303,826.0
340.754009579,838.0
341.019531295,824.0
341.285045452,824.0
341.550552047,826.0
341.816051078,820.0
342.081542545,836.0
342.347026446,833.0
342.61250278,824.0
342.877971546,817.0
343.143432742,833.0
343.408886366,823.0
343.674332418,832.0
343.939770895,823.0
344.205201798,827.0
344.470625123,837.0
344.736040871,831.0
345.001449039,824.0
345.266849626,827.0
345.532242631,829.0
345.797628052,826.0
346.063005889,810.0
346.328376139,813.0
346.593738802,825.0
346.859093876,826.0
347.124441359,814.0
347.38978125,834.0
347.655113549,837.0
347.920438253,830.0
348.185755361,833.0
348.451064872,825.0
348.716366784,833.0
348.981661097,821.0
349.246947808,822.0
349.512226917,818.0
349.777498421,822.0
350.04276232,838.0
350.308018613,817.0
350.573267297,807.0
350.838508372,821.0
351.103741836,818.0
351.368967688,831.0
351.634185926,827.0
351.89939655,818.0
352.164599557,824.0
352.429794946,827.0
352.694982717,821.0
352.960162867,835.0
353.225335395,833.0
353.490500301,821.0
353.755657582,824.0
354.020807237,815.0
354.285949264,829.0
354.551083664,836.0
354.816210433,824.0
355.081329571,826.0
355.346441077,812.0
355.611544948,816.0
355.876641184,812.0
356.141729783,823.0
356.406810745,823.0
356.671884066,821.0
356.936949747,818.0
357.202007786,817.0
357.467058181,818.0
357.732100932,822.0
357.997136036,821.0
358.262163492,811.0
358.527183299,823.0
358.792195456,814.0
359.057199961,808.0
359.322196814,820.0
359.587186011,830.0
359.852167553,831.0
360.117141438,818.0
360.382107664,823.0
360.64706623,826.0
360.912017135,828.0
361.176960377,828.0
361.441895956,823.0
361.706823869,836.0
361.971744115,827.0
362.236656693,823.0
362.501561602,833.0
362.766458839,836.0
363.031348405,821.0
363.296230297,816.0
363.561104514,821.0
363.825971055,806.0
364.090829918,831.0
364.355681102,841.0
364.620524606,822.0
364.885360428,815.0
365.150188567,826.0
365.415009022,828.0
365.679821791,823.0
365.944626872,828.0
366.209424265,826.0
366.474213968,825.0
366.73899598,813.0
367.003770299,812.0
367.268536924,826.0
367.533295854,823.0
367.798047087,822.0
368.062790622,829.0
368.327526458,826.0
368.592254592,816.0
368.856975025,818.0
369.121687753,823.0
369.386392777,818.0
369.651090095,831.0
369.915779705,835.0
370.180461606,834.0
370.445135797,828.0
370.709802276,808.0
370.974461042,815.0
371.239112093,809.0
371.503755429,822.0
371.768391047,828.0
372.033018947,823.0
372.297639127,817.0
372.562251585,812.0
372.826856321,814.0
373.091453333,823.0
373.35604262,818.0
373.62062418,815.0
373.885198012,816.0
374.149764114,815.0
374.414322485,821.0
374.678873125,824.0
374.94341603,814.0
375.207951201,828.0
375.472478636,828.0
375.736998333,833.0
376.001510291,821.0
376.266014508,820.0
376.530510984,820.0
376.794999717,833.0
377.059480705,820.0
377.323953947,821.0
377.588419442,814.0
377.852877189,811.0
378.117327186,820.0
378.381769431,823.0
378.646203924,818.0
378.910630663,827.0
379.175049646,821.0
379.439460873,822.0
379.703864342,825.0
379.968260051,831.0
380.232647999,830.0
380.497028185,832.0
380.761400608,823.0
381.025765265,826.0
381.290122157,826.0
381.55447128,831.0
381.818812635,820.0
382.083146219,814.0
382.347472032,826.0
382.611790072,825.0
382.876100337,840.0
383.140402826,834.0
383.404697538,823.0
383.668984471,826.0
383.933263625,824.0
384.197534997,827.0
384.461798587,825.0
384.726054392,820.0
384.990302413,828.0
385.254542646,822.0
385.518775091,822.0
385.782999747,837.0
386.047216613,825.0
386.311425685,818.0
386.575626965,827.0
386.839820449,830.0
387.104006137,824.0
387.368184028,810.0
387.63235412,814.0
387.896516411,819.0
388.1606709,821.0
388.424817586,825.0
388.688956468,816.0
388.953087544,823.0
389.217210813,827.0
389.481326273,835.0
389.745433924,832.0
390.009533763,820.0
390.273625789,826.0
390.537710002,819.0
390.801786399,820.0
391.065854979,823.0
391.329915741,826.0
391.593968684,833.0
391.858013806,828.0
392.122051106,839.0
392.386080582,826.0
392.650102233,821.0
392.914116058,810.0
393.178122056,821.0
393.442120224,833.0
393.706110562,819.0
393.970093068,821.0
394.234067741,826.0
394.49803458,817.0
394.761993583,831.0
395.025944748,821.0
395.289888075,820.0
395.553823562,813.0
395.817751208,828.0
396.081671012,810.0
396.345582971,829.0
396.609487085,836.0
396.873383352,814.0
397.137271771,821.0
397.40115234,820.0
397.665025059,826.0
397.928889926,828.0
398.192746939,821.0
398.456596097,823.0
398.720437398,820.0
398.984270843,821.0
399.248096428,831.0
399.511914152,834.0
399.775724015,817.0
400.039526015,823.0
400.303320151,819.0
400.56710642,828.0
400.830884823,814.0
401.094655357,814.0
401.358418021,817.0
401.622172813,827.0
401.885919733,813.0
402.149658779,820.0
402.41338995,825.0
402.677113244,829.0
402.94082866,826.0
403.204536196,816.0
403.468235852,815.0
403.731927625,826.0
403.995611515,822.0
404.25928752,830.0
404.522955638,826.0
404.786615869,825.0
405.050268211,825.0
405.313912663,840.0
405.577549222,842.0
405.841177889,828.0
406.104798661,829.0
406.368411538,811.0
406.632016517,805.0
406.895613598,811.0
407.159202778,816.0
407.422784058,829.0
407.686357435,823.0
407.949922907,824.0
408.213480475,813.0
408.477030135,826.0
408.740571888,827.0
409.004105731,827.0
409.267631663,820.0
409.531149684,832.0
409.79465979,828.0
410.058161982,834.0
410.321656257,825.0
410.585142615,814.0
410.848621053,825.0
411.112091572,815.0
411.375554168,829.0
411.639008842,828.0
411.902455591,811.0
412.165894414,821.0
412.42932531,829.0
412.692748277,830.0
412.956163315,831.0
413.219570421,828.0
413.482969595,834.0
413.746360834,833.0
414.009744138,823.0
414.273119506,823.0
414.536486935,830.0
414.799846425,820.0
415.063197974,825.0
415.326541581,827.0
415.589877244,833.0
415.853204963,829.0
416.116524735,833.0
416.379836559,838.0
416.643140435,822.0
416.90643636,828.0
417.169724333,836.0
417.433004353,834.0
417.696276419,833.0
417.959540529,823.0
418.222796682,827.0
418.486044876,824.0
418.74928511,830.0
419.012517383,834.0
419.275741694,839.0
419.53895804,830.0
419.802166421,827.0
420.065366835,825.0
420.328559281,823.0
420.591743758,826.0
420.854920264,833.0
421.118088797,822.0
421.381249357,825.0
421.644401943,828.0
421.907546551,832.0
422.170683183,815.0
422.433811835,822.0
422.696932507,824.0
422.960045197,831.0
423.223149904,813.0
423.486246626,822.0
423.749335363,829.0
424.012416113,826.0
424.275488874,838.0
424.538553645,836.0
424.801610424,841.0
425.064659211,822.0
425.327700004,824.0
425.590732802,833.0
425.853757603,835.0
426.116774406,839.0
426.379783209,833.0
426.642784012,830.0
426.905776812,829.0
427.168761609,831.0
427.431738401,819.0
427.694707187,825.0
427.957667965,823.0
428.220620734,819.0
428.483565492,819.0
428.746502239,820.0
429.009430973,834.0
429.272351692,819.0
429.535264395,821.0
429.798169082,831.0
430.061065749,837.0
430.323954397,829.0
430.586835024,836.0
430.849707628,835.0
431.112572207,827.0
431.375428762,841.0
431.638277289,834.0
431.901117789,830.0
432.163950259,836.0
432.426774699,841.0
432.689591106,850.0
432.952399479,837.0
433.215199818,830.0
433.47799212,820.0
433.740776385,826.0
434.003552611,828.0
434.266320796,833.0
434.52908094,833.0
434.79183304,842.0
435.054577096,831.0
435.317313106,831.0
435.580041069,839.0
435.842760984,846.0
436.105472848,843.0
436.368176661,837.0
436.630872422,840.0
436.893560128,838.0
437.15623978,848.0
437.418911374,833.0
437.68157491,838.0
437.944230387,833.0
438.206877803,822.0
438.469517157,827.0
438.732148447,831.0
438.994771673,830.0
439.257386832,829.0
439.519993923,827.0
439.782592946,837.0
440.045183898,836.0
440.307766778,831.0
440.570341585,841.0
440.832908318,834.0
441.095466975,820.0
441.358017555,817.0
441.620560056,838.0
441.883094477,828.0
442.145620817,828.0
442.408139074,842.0
442.670649248,845.0
442.933151335,830.0
443.195645337,831.0
443.45813125,844.0
443.720609073,835.0
443.983078806,838.0
444.245540447,831.0
444.507993994,835.0
444.770439446,839.0
445.032876802,833.0
445.29530606,822.0
445.557727219,837.0
445.820140278,832.0
446.082545235,838.0
446.344942089,838.0
446.607330838,838.0
446.869711482,833.0
447.132084018,832.0
447.394448446,826.0
447.656804764,828.0
447.91915297,833.0
448.181493064,826.0
448.443825044,835.0
448.706148909,836.0
448.968464657,840.0
449.230772287,833.0
449.493071797,817.0
449.755363187,829.0
450.017646454,825.0
450.279921598,825.0
450.542188616,831.0
450.804447509,825.0
451.066698274,836.0
451.32894091,832.0
451.591175415,817.0
451.853401789,831.0
452.115620029,834.0
452.377830136,829.0
452.640032106,830.0
452.902225939,834.0
453.164411634,828.0
453.426589188,844.0
453.688758602,837.0
453.950919872,827.0
454.213072999,833.0
454.47521798,844.0
454.737354815,841.0
454.999483501,838.0
455.261604038,825.0
455.523716425,831.0
455.785820659,827.0
456.047916739,820.0
456.310004665,829.0
456.572084434,828.0
456.834156045,838.0
457.096219498,842.0
457.35827479,855.0
457.62032192,844.0
457.882360888,840.0
458.144391691,833.0
458.406414328,844.0
458.668428797,837.0
458.930435099,844.0
459.19243323,842.0
459.45442319,837.0
459.716404978,835.0
459.978378591,836.0
460.240344029,822.0
460.50230129,833.0
460.764250373,834.0
461.026191277,836.0
461.288124,819.0
461.550048541,837.0
461.811964898,841.0
462.07387307,836.0
462.335773056,840.0
462.597664854,849.0
462.859548463,835.0
463.121423882,836.0
463.383291109,846.0
463.645150143,841.0
463.907000983,838.0
464.168843627,847.0
464.430678073,850.0
464.692504321,845.0
464.954322369,828.0
465.216132216,846.0
465.47793386,837.0
465.7397273,836.0
466.001512535,850.0
466.263289563,857.0
466.525058383,847.0
466.786818993,840.0
467.048571393,834.0
467.31031558,852.0
467.572051554,858.0
467.833779313,849.0
468.095498855,846.0
468.35721018,856.0
468.618913286,869.0
468.880608172,861.0
469.142294835,852.0
469.403973276,855.0
469.665643492,859.0
469.927305483,858.0
470.188959246,863.0
470.45060478,869.0
470.712242085,861.0
470.973871159,868.0
471.235491999,873.0
471.497104606,870.0
471.758708978,880.0
472.020305112,877.0
472.281893009,876.0
472.543472666,887.0
472.805044082,891.0
473.066607256,881.0
473.328162186,879.0
473.589708872,893.0
473.851247311,884.0
474.112777503,895.0
474.374299446,903.0
474.635813138,908.0
474.897318578,913.0
475.158815766,922.0
475.420304698,909.0
475.681785376,917.0
475.943257795,921.0
476.204721957,912.0
476.466177858,925.0
476.727625498,925.0
476.989064876,934.0
477.250495989,938.0
477.511918837,950.0
477.773333418,953.0
478.034739732,951.0
478.296137775,960.0
478.557527548,964.0
478.818909049,974.0
479.080282276,986.0
479.341647228,977.0
479.603003904,983.0
479.864352302,1001.0
480.125692422,1009.0
480.387024261,1020.0
480.648347818,1032.0
480.909663092,1050.0
481.170970081,1052.0
481.432268785,1057.0
481.693559201,1065.0
481.954841329,1078.0
482.216115167,1102.0
482.477380714,1088.0
482.738637968,1102.0
482.999886928,1125.0
483.261127593,1147.0
483.522359961,1154.0
483.783584031,1183.0
484.044799801,1209.0
484.306007271,1192.0
484.567206438,1228.0
484.828397302,1254.0
485.089579861,1270.0
485.350754113,1277.0
485.611920058,1295.0
485.873077694,1322.0
486.13422702,1327.0
486.395368034,1337.0
486.656500734,1378.0
486.91762512,1408.0
487.178741191,1420.0
487.439848944,1431.0
487.700948379,1464.0
487.962039493,1496.0
488.223122287,1532.0
488.484196757,1548.0
488.745262904,1584.0
489.006320726,1608.0
489.26737022,1645.0
489.528411387,1683.0
489.789444224,1700.0
490.05046873,1749.0
490.311484904,1777.0
490.572492744,1797.0
490.83349225,1837.0
491.094483419,1854.0
491.355466251,1916.0
491.616440743,1957.0
491.877406895,2002.0
492.138364706,2039.0
492.399314173,2085.0
492.660255296,2142.0
492.921188073,2177.0
493.182112503,2194.0
493.443028584,2247.0
493.703936315,2286.0
493.964835695,2356.0
494.225726723,2397.0
494.486609396,2465.0
494.747483714,2535.0
495.008349675,2606.0
495.269207278,2642.0
495.530056522,2700.0
495.790897405,2769.0
496.051729926,2827.0
496.312554083,2887.0
496.573369875,2972.0
496.834177301,3046.0
497.094976359,3124.0
497.355767048,3194.0
497.616549367,3279.0
497.877323314,3379.0
498.138088888,3451.0
498.398846087,3516.0
498.659594911,3571.0
498.920335357,3704.0
499.181067425,3799.0
499.441791113,3878.0
499.70250642,3970.0
499.963213344,4076.0
500.223911884,4135.0
500.484602038,4265.0
500.745283806,4377.0
501.005957186,4513.0
501.266622176,4622.0
501.527278776,4674.0
501.787926983,4803.0
502.048566797,4921.0
502.309198216,5075.0
502.569821238,5168.0
502.830435863,5307.0
503.091042089,5422.0
503.351639914,5545.0
503.612229338,5656.0
503.872810358,5774.0
504.133382974,5962.0
504.393947185,6066.0
504.654502988,6197.0
504.915050382,6380.0
505.175589367,6531.0
505.43611994,6655.0
505.696642101,6796.0
505.957155847,6931.0
506.217661179,7061.0
506.478158093,7169.0
506.73864659,7397.0
506.999126666,7529.0
507.259598323,7692.0
507.520061556,7864.0
507.780516367,8057.0
508.040962752,8145.0
508.301400711,8328.0
508.561830243,8538.0
508.822251345,8670.0
509.082664017,8805.0
509.343068257,8986.0
509.603464065,9135.0
509.863851437,9257.0
510.124230374,9391.0
510.384600874,9607.0
510.644962935,9804.0
510.905316556,9953.0
511.165661736,10133.0
511.425998473,10330.0
511.686326766,10514.0
511.946646614,10674.0
512.206958015,10796.0
512.467260968,10933.0
512.727555472,11091.0
512.987841525,11189.0
513.248119125,11380.0
513.508388272,11488.0
513.768648964,11648.0
514.0289012,11826.0
514.289144978,11902.0
514.549380297,12057.0
514.809607155,12220.0
515.069825552,12351.0
515.330035486,12542.0
515.590236955,12652.0
515.850429959,12718.0
516.110614495,12775.0
516.370790563,12930.0
516.630958161,13008.0
516.891117287,13083.0
517.151267941,13197.0
517.411410121,13288.0
517.671543825,13394.0
517.931669053,13394.0
518.191785803,13558.0
518.451894073,13599.0
518.711993862,13673.0
518.972085169,13720.0
519.232167993,13830.0
519.492242331,13811.0
519.752308183,13846.0
520.012365548,13915.0
520.272414424,13988.0
520.532454809,14008.0
520.792486702,14012.0
521.052510103,13986.0
521.312525009,14066.0
521.572531419,14076.0
521.832529332,14115.0
522.092518746,14050.0
522.35249966,14041.0
522.612472073,14096.0
522.872435984,14093.0
523.13239139,14070.0
523.392338291,14085.0
523.652276686,14033.0
523.912206572,14055.0
524.172127948,14047.0
524.432040814,14005.0
524.691945168,13954.0
524.951841008,13853.0
525.211728333,13836.0
525.471607142,13784.0
525.731477433,13648.0
525.991339206,13593.0
526.251192457,13606.0
526.511037187,13605.0
526.770873394,13547.0
527.030701077,13413.0
527.290520234,13346.0
527.550330863,13258.0
527.810132964,13193.0
528.069926535,13121.0
528.329711575,13091.0
528.589488082,13062.0
528.849256055,12958.0
529.109015492,12866.0
529.368766393,12804.0
529.628508756,12762.0
529.888242579,12632.0
530.147967862,12518.0
530.407684602,12402.0
530.667392798,12322.0
530.92709245,12266.0
531.186783556,12162.0
531.446466114,12052.0
531.706140122,11939.0
531.965805581,11859.0
532.225462487,11798.0
532.485110841,11722.0
532.74475064,11650.0
533.004381883,11516.0
533.264004569,11438.0
533.523618697,11321.0
533.783224264,11240.0
534.04282127,11139.0
534.302409714,11081.0
534.561989594,10974.0
534.821560908,10872.0
535.081123655,10776.0
535.340677835,10740.0
535.600223444,10594.0
535.859760483,10551.0
536.11928895,10408.0
536.378808843,10336.0
536.638320162,10274.0
536.897822904,10186.0
537.157317068,10073.0
537.416802654,10020.0
537.676279659,9917.0
537.935748082,9850.0
538.195207922,9751.0
538.454659177,9712.0
538.714101847,9612.0
538.97353593,9560.0
539.232961424,9433.0
539.492378328,9379.0
539.751786641,9324.0
540.011186361,9216.0
540.270577487,9137.0
540.529960018,9051.0
540.789333952,8937.0
541.048699288,8904.0
541.308056024,8848.0
541.56740416,8714.0
541.826743693,8661.0
542.086074623,8617.0
542.345396948,8478.0
542.604710666,8415.0
542.864015777,8344.0
543.123312279,8252.0
543.382600171,8148.0
543.64187945,8088.0
543.901150117,8003.0
544.160412169,7979.0
544.419665606,7869.0
544.678910425,7762.0
544.938146625,7689.0
545.197374206,7595.0
545.456593165,7537.0
545.715803502,7453.0
545.975005215,7361.0
546.234198302,7331.0
546.493382763,7222.0
546.752558595,7159.0
547.011725798,7060.0
547.27088437,6987.0
547.53003431,6872.0
547.789175616,6850.0
548.048308288,6770.0
548.307432323,6672.0
548.566547721,6583.0
548.825654479,6541.0
549.084752597,6413.0
549.343842073,6337.0
549.602922907,6274.0
549.861995095,6193.0
550.121058638,6131.0
550.380113534,6066.0
550.639159781,6050.0
550.898197378,5977.0
551.157226324,5890.0
551.416246617,5767.0
551.675258257,5723.0
551.93426124,5679.0
552.193255568,5604.0
552.452241236,5542.0
552.711218246,5455.0
552.970186595,5402.0
553.229146281,5312.0
553.488097304,5239.0
553.747039662,5208.0
554.005973354,5156.0
554.264898378,5078.0
554.523814733,5032.0
554.782722417,4989.0
555.04162143,4919.0
555.30051177,4831.0
555.559393435,4816.0
555.818266425,4766.0
556.077130737,4697.0
556.33598637,4659.0
556.594833324,4607.0
556.853671597,4553.0
557.112501186,4521.0
557.371322092,4422.0
557.630134313,4347.0
557.888937846,4309.0
558.147732692,4290.0
558.406518848,4258.0
558.665296313,4207.0
558.924065086,4143.0
559.182825165,4117.0
559.44157655,4072.0
559.700319238,4056.0
559.959053229,4017.0
560.21777852,3953.0
560.476495111,3885.0
560.735203001,3840.0
560.993902187,3791.0
561.252592669,3780.0
561.511274445,3759.0
561.769947513,3702.0
562.028611874,3647.0
562.287267524,3602.0
562.545914463,3557.0
562.804552689,3490.0
563.063182201,3495.0
563.321802998,3438.0
563.580415078,3417.0
563.839018441,3377.0
564.097613083,3332.0
564.356199005,3322.0
564.614776204,3263.0
564.87334468,3242.0
565.131904431,3220.0
565.390455456,3184.0
565.648997753,3160.0
565.907531321,3131.0
566.166056159,3118.0
566.424572265,3071.0
566.683079637,3021.0
566.941578276,3000.0
567.200068178,2980.0
567.458549344,2971.0
567.71702177,2926.0
567.975485457,2886.0
568.233940402,2849.0
568.492386605,2827.0
568.750824064,2843.0
569.009252778,2793.0
569.267672744,2763.0
569.526083963,2759.0
569.784486432,2742.0
570.04288015,2684.0
570.301265116,2627.0
570.559641329,2610.0
570.818008786,2604.0
571.076367487,2551.0
571.334717431,2558.0
571.593058615,2545.0
571.85139104,2498.0
572.109714702,2477.0
572.368029601,2458.0
572.626335736,2414.0
572.884633105,2413.0
573.142921707,2399.0
573.40120154,2367.0
573.659472603,2342.0
573.917734895,2326.0
574.175988415,2310.0
574.43423316,2294.0
574.69246913,2295.0
574.950696323,2232.0
575.208914738,2204.0
575.467124374,2202.0
575.725325228,2212.0
575.983517301,2162.0
576.24170059,2132.0
576.499875094,2158.0
576.758040812,2144.0
577.016197742,2113.0
577.274345883,2088.0
577.532485233,2042.0
577.790615792,2037.0
578.048737558,2048.0
578.306850529,2045.0
578.564954705,2009.0
578.823050083,1989.0
579.081136663,1967.0
579.339214443,1959.0
579.597283421,1953.0
579.855343597,1906.0
580.113394969,1886.0
580.371437535,1896.0
580.629471295,1875.0
580.887496246,1865.0
581.145512389,1870.0
581.40351972,1856.0
581.661518239,1835.0
581.919507944,1790.0
582.177488835,1792.0
582.435460909,1776.0
582.693424166,1774.0
582.951378603,1772.0
583.20932422,1760.0
583.467261016,1761.0
583.725188988,1736.0
583.983108136,1714.0
584.241018458,1711.0
584.498919952,1706.0
584.756812619,1664.0
585.014696455,1674.0
585.27257146,1673.0
585.530437632,1647.0
585.788294971,1643.0
586.046143473,1630.0
586.30398314,1617.0
586.561813968,1619.0
586.819635956,1606.0
587.077449104,1608.0
587.335253409,1576.0
587.593048871,1579.0
587.850835488,1569.0
588.108613259,1567.0
588.366382182,1562.0
588.624142256,1537.0
588.88189348,1528.0
589.139635852,1502.0
589.39736937,1499.0
589.655094035,1499.0
589.912809843,1483.0
590.170516794,1480.0
590.428214887,1492.0
590.68590412,1475.0
590.943584491,1466.0
591.201256,1437.0
591.458918645,1430.0
591.716572424,1423.0
591.974217337,1427.0
592.231853381,1419.0
592.489480556,1402.0
592.74709886,1385.0
593.004708292,1409.0
593.262308851,1402.0
593.519900534,1402.0
593.777483342,1374.0
594.035057271,1366.0
594.292622322,1358.0
594.550178492,1356.0
594.80772578,1345.0
595.065264185,1332.0
595.322793706,1340.0
595.580314341,1321.0
595.837826089,1306.0
596.095328948,1300.0
596.352822917,1290.0
596.610307995,1292.0
596.86778418,1300.0
597.125251471,1293.0
597.382709867,1284.0
597.640159366,1266.0
597.897599967,1267.0
598.155031669,1249.0
598.412454469,1243.0
598.669868368,1261.0
598.927273363,1253.0
599.184669453,1257.0
599.442056636,1238.0
599.699434912,1238.0
599.956804279,1244.0
600.214164736,1223.0
600.471516281,1227.0
600.728858912,1219.0
600.98619263,1209.0
601.243517431,1211.0
601.500833315,1198.0
601.758140281,1204.0
602.015438326,1208.0
602.272727451,1174.0
602.530007652,1178.0
602.78727893,1185.0
603.044541282,1191.0
603.301794708,1168.0
603.559039205,1159.0
603.816274773,1157.0
604.07350141,1136.0
604.330719115,1143.0
604.587927887,1152.0
604.845127723,1143.0
605.102318623,1134.0
605.359500586,1127.0
605.616673609,1128.0
605.873837692,1124.0
606.130992833,1126.0
606.388139032,1132.0
606.645276285,1128.0
606.902404593,1101.0
607.159523954,1097.0
607.416634366,1126.0
607.673735828,1099.0
607.930828339,1101.0
608.187911897,1098.0
608.444986501,1096.0
608.70205215,1096.0
608.959108842,1115.0
609.216156576,1125.0
609.47319535,1126.0
609.730225163,1143.0
609.987246015,1144.0
610.244257903,1146.0
610.501260825,1162.0
610.758254782,1165.0
611.015239771,1138.0
611.272215791,1147.0
611.52918284,1156.0
611.786140918,1168.0
612.043090022,1161.0
612.300030153,1167.0
612.556961307,1144.0
612.813883484,1132.0
613.070796682,1110.0
613.327700901,1105.0
613.584596138,1110.0
613.841482393,1102.0
614.098359663,1074.0
614.355227949,1077.0
614.612087247,1070.0
614.868937557,1084.0
615.125778878,1080.0
615.382611208,1070.0
615.639434546,1056.0
615.89624889,1041.0
616.153054239,1011.0
616.409850592,1035.0
616.666637948,1031.0
616.923416304,1017.0
617.18018566,1019.0
617.436946014,1020.0
617.693697365,1008.0
617.950439712,1000.0
618.207173052,993.0
618.463897386,995.0
618.720612711,1010.0
618.977319026,995.0
619.234016329,986.0
619.49070462,980.0
619.747383897,1005.0
620.004054159,991.0
620.260715404,977.0
620.517367631,977.0
620.774010838,985.0
621.030645024,981.0
621.287270189,985.0
621.543886329,982.0
621.800493445,983.0
622.057091534,971.0
622.313680596,983.0
622.570260629,990.0
622.826831631,971.0
623.083393602,965.0
623.339946539,967.0
623.596490442,947.0
623.853025309,957.0
624.109551139,977.0
624.36606793,959.0
624.622575682,946.0
624.879074392,950.0
625.135564059,952.0
625.392044683,947.0
625.648516261,953.0
625.904978792,961.0
626.161432275,954.0
626.417876709,964.0
626.674312092,956.0
626.930738422,941.0
627.187155699,939.0
627.443563922,936.0
627.699963087,941.0
627.956353196,937.0
628.212734245,926.0
628.469106233,934.0
628.72546916,921.0
628.981823024,942.0
629.238167824,927.0
629.494503557,943.0
629.750830223,933.0
630.007147821,925.0
630.263456349,928.0
630.519755806,937.0
630.776046189,934.0
631.032327499,932.0
631.288599734,934.0
631.544862891,930.0
631.801116971,922.0
632.057361971,909.0
632.31359789,914.0
632.569824727,909.0
632.826042481,908.0
633.082251149,905.0
633.338450732,905.0
633.594641226,892.0
633.850822632,894.0
634.106994947,909.0
634.36315817,910.0
634.6193123,896.0
634.875457336,891.0
635.131593276,884.0
635.387720119,886.0
635.643837863,882.0
635.899946507,896.0
636.15604605,903.0
636.41213649,899.0
636.668217827,897.0
636.924290058,882.0
637.180353182,876.0
637.436407198,888.0
637.692452104,898.0
637.9484879,878.0
638.204514583,874.0
638.460532153,894.0
638.716540608,886.0
638.972539947,882.0
639.228530167,883.0
639.484511269,879.0
639.740483251,882.0
639.996446111,884.0
640.252399847,875.0
640.50834446,878.0
640.764279946,887.0
641.020206305,878.0
641.276123536,875.0
641.532031636,885.0
641.787930605,866.0
642.043820442,862.0
642.299701145,877.0
642.555572712,870.0
642.811435142,874.0
643.067288435,873.0
643.323132588,881.0
643.5789676,860.0
643.83479347,866.0
644.090610196,877.0
644.346417777,876.0
644.602216212,852.0
644.858005499,860.0
645.113785638,869.0
645.369556626,867.0
645.625318462,874.0
645.881071145,870.0
646.136814673,864.0
646.392549046,855.0
646.648274262,863.0
646.903990319,874.0
647.159697216,876.0
647.415394951,876.0
647.671083524,862.0
647.926762933,857.0
648.182433177,856.0
648.438094254,869.0
648.693746163,865.0
648.949388902,865.0
649.20502247,858.0
649.460646866,869.0
649.716262089,857.0
649.971868137,854.0
650.227465008,854.0
650.483052702,868.0
650.738631217,864.0
650.994200551,875.0
651.249760703,857.0
651.505311673,866.0
651.760853458,875.0
652.016386057,857.0
652.271909469,854.0
652.527423692,856.0
652.782928725,849.0
653.038424567,861.0
653.293911217,862.0
653.549388672,855.0
653.804856932,849.0
654.060315995,858.0
654.315765861,850.0
654.571206526,860.0
654.826637991,858.0
655.082060254,838.0
655.337473312,842.0
655.592877167,855.0
655.848271814,855.0
656.103657254,847.0
656.359033485,858.0
656.614400506,855.0
656.869758315,867.0
657.125106911,866.0
657.380446292,848.0
657.635776458,845.0
657.891097406,850.0
658.146409135,848.0
658.401711645,851.0
658.657004934,853.0
658.912288999,850.0
659.167563841,840.0
659.422829458,848.0
659.678085847,848.0
659.933333009,828.0
660.188570941,849.0
660.443799642,852.0
660.699019111,849.0
660.954229346,839.0
661.209430346,853.0
661.46462211,849.0
661.719804637,844.0
661.974977924,849.0
662.230141971,849.0
662.485296777,846.0
662.740442339,843.0
662.995578656,857.0
663.250705728,838.0
663.505823553,846.0
663.760932129,853.0
664.016031455,845.0
664.27112153,850.0
664.526202352,848.0
664.78127392,846.0
665.036336233,833.0
665.291389289,844.0
665.546433086,856.0
665.801467625,858.0
666.056492902,847.0
666.311508918,843.0
666.566515669,831.0
666.821513156,840.0
667.076501376,841.0
667.331480329,856.0
667.586450013,838.0
667.841410426,849.0
668.096361568,844.0
668.351303436,846.0
668.606236031,846.0
668.861159349,849.0
669.11607339,850.0
669.370978152,847.0
669.625873634,852.0
669.880759836,845.0
670.135636754,848.0
670.390504388,844.0
670.645362737,832.0
670.9002118,845.0
671.155051574,841.0
671.409882059,844.0
671.664703252,841.0
671.919515154,842.0
672.174317762,836.0
672.429111075,837.0
672.683895092,837.0
672.938669811,841.0
673.193435231,830.0
673.448191351,839.0
673.702938169,834.0
673.957675684,838.0
674.212403894,847.0
674.467122799,851.0
674.721832396,838.0
674.976532685,824.0
675.231223663,847.0
675.485905331,845.0
675.740577686,846.0
675.995240726,845.0
676.249894452,836.0
676.50453886,833.0
676.759173951,832.0
677.013799722,838.0
677.268416172,837.0
677.5230233,840.0
677.777621104,836.0
678.032209584,833.0
678.286788737,824.0
678.541358562,842.0
678.795919059,836.0
679.050470225,827.0
679.305012059,835.0
679.55954456,849.0
679.814067727,835.0
680.068581558,836.0
680.323086051,841.0
680.577581206,832.0
680.832067022,842.0
681.086543495,826.0
681.341010626,837.0
681.595468414,843.0
681.849916855,836.0
682.10435595,833.0
682.358785697,835.0
682.613206094,828.0
682.867617141,827.0
683.122018835,816.0
683.376411176,832.0
683.630794161,827.0
683.885167791,820.0
684.139532063,836.0
684.393886975,836.0
684.648232528,825.0
684.902568718,826.0
685.156895546,818.0
685.411213009,834.0
685.665521106,833.0
685.919819836,837.0
686.174109197,836.0
686.428389189,835.0
686.682659809,833.0
686.936921056,833.0
687.19117293,840.0
687.445415428,836.0
687.699648549,839.0
687.953872292,822.0
688.208086656,824.0
688.462291639,826.0
688.716487239,832.0
688.970673456,844.0
689.224850288,848.0
689.479017734,838.0
689.733175792,834.0
689.987324461,837.0
690.24146374,839.0
690.495593627,846.0
690.74971412,846.0
691.00382522,838.0
691.257926923,829.0
691.512019229,818.0
691.766102137,830.0
692.020175645,846.0
692.274239751,840.0
692.528294455,822.0
692.782339755,840.0
693.036375649,835.0
693.290402137,834.0
693.544419216,832.0
693.798426886,833.0
694.052425145,840.0
694.306413992,837.0
694.560393425,833.0
694.814363444,836.0
695.068324046,849.0
695.32227523,842.0
695.576216995,830.0
695.83014934,825.0
696.084072264,819.0
696.337985764,844.0
696.591889839,843.0
696.845784489,831.0
697.099669712,819.0
697.353545506,836.0
697.60741187,840.0
697.861268802,834.0
698.115116302,830.0
698.368954368,835.0
698.622782999,823.0
698.876602193,826.0
699.130411948,834.0
699.384212265,831.0
699.63800314,811.0
699.891784573,836.0
700.145556563,838.0
700.399319108,829.0
700.653072206,832.0
700.906815857,837.0
701.160550058,842.0
701.41427481,836.0
701.667990109,832.0
701.921695955,837.0
702.175392347,831.0
702.429079283,834.0
702.682756762,826.0
702.936424782,834.0
703.190083343,828.0
703.443732442,830.0
703.697372078,839.0
703.95100225,825.0
704.204622957,833.0
704.458234197,841.0
704.711835969,832.0
704.965428272,836.0
705.219011104,833.0
705.472584463,837.0
705.726148349,836.0
705.97970276,825.0
706.233247694,832.0
706.486783151,839.0
706.740309129,829.0
706.993825627,840.0
707.247332643,839.0
707.500830175,845.0
707.754318224,841.0
708.007796786,830.0
708.261265861,839.0
708.514725447,842.0
708.768175544,837.0
709.021616149,832.0
709.275047262,835.0
709.528468881,838.0
709.781881004,846.0
710.03528363,831.0
710.288676758,837.0
710.542060387,838.0
710.795434515,839.0
711.048799141,834.0
711.302154263,839.0
711.55549988,843.0
711.808835991,849.0
712.062162594,833.0
712.315479689,834.0
712.568787272,837.0
712.822085344,835.0
713.075373903,840.0
713.328652948,828.0
713.581922476,835.0
713.835182488,843.0
714.088432981,843.0
714.341673953,850.0
714.594905405,829.0
714.848127334,835.0
715.101339739,835.0
715.354542618,833.0
715.607735971,829.0
715.860919795,820.0
716.11409409,809.0
716.367258855,816.0
716.620414087,826.0
716.873559785,825.0
717.126695949,812.0
717.379822576,821.0
717.632939665,832.0
717.886047216,840.0
718.139145226,822.0
718.392233694,827.0
718.645312619,829.0
718.898382,846.0
719.151441835,838.0
719.404492122,820.0
719.657532862,839.0
719.910564051,825.0
720.163585688,827.0
720.416597774,835.0
720.669600305,827.0
720.92259328,819.0
721.175576699,814.0
721.42855056,828.0
721.681514861,825.0
721.934469602,829.0
722.18741478,819.0
722.440350395,819.0
722.693276445,836.0
722.946192928,812.0
723.199099844,832.0
723.451997191,827.0
723.704884967,824.0
723.957763171,836.0
724.210631803,839.0
724.46349086,833.0
724.716340341,844.0
724.969180245,827.0
725.22201057,833.0
725.474831315,835.0
725.727642479,830.0
725.980444061,827.0
726.233236058,837.0
726.48601847,836.0
726.738791295,838.0
726.991554532,833.0
727.24430818,841.0
727.497052237,837.0
727.749786701,828.0
728.002511572,828.0
728.255226848,828.0
728.507932528,833.0
728.76062861,838.0
729.013315093,834.0
729.265991975,834.0
729.518659256,833.0
729.771316934,836.0
730.023965007,821.0
730.276603474,827.0
730.529232334,828.0
730.781851586,835.0
731.034461228,837.0
731.287061258,825.0
731.539651676,821.0
731.792232479,837.0
732.044803667,832.0
732.297365239,833.0
732.549917192,835.0
732.802459526,835.0
733.054992239,839.0
733.30751533,833.0
733.560028797,829.0
733.812532639,834.0
734.065026855,830.0
734.317511443,839.0
734.569986402,829.0
734.822451731,832.0
735.074907428,827.0
735.327353492,836.0
735.579789921,839.0
735.832216715,829.0
736.084633871,828.0
736.337041389,826.0
736.589439267,819.0
736.841827503,832.0
737.094206097,835.0
737.346575047,835.0
737.598934352,824.0
737.851284009,832.0
738.103624019,830.0
738.355954379,832.0
738.608275088,835.0
738.860586145,826.0
739.112887548,829.0
739.365179297,830.0
739.617461389,831.0
739.869733823,832.0
740.121996599,827.0
740.374249714,832.0
740.626493167,816.0
740.878726957,845.0
741.130951083,842.0
741.383165543,841.0
741.635370335,837.0
741.887565459,830.0
742.139750913,820.0
742.391926696,824.0
742.644092806,822.0
742.896249242,838.0
743.148396003,828.0
743.400533087,824.0
743.652660492,820.0
743.904778219,819.0
744.156886264,817.0
744.408984627,829.0
744.661073307,809.0
744.913152301,824.0
745.16522161,832.0
745.41728123,833.0
745.669331162,828.0
745.921371403,832.0
746.173401953,845.0
746.425422809,833.0
746.677433971,833.0
746.929435437,837.0
747.181427206,837.0
747.433409276,833.0
747.685381646,826.0
747.937344315,828.0
748.189297282,836.0
748.441240544,833.0
748.693174101,818.0
748.945097951,818.0
749.197012093,823.0
749.448916525,825.0
749.700811247,840.0
749.952696256,831.0
750.204571552,825.0
750.456437133,841.0
750.708292997,823.0
750.960139144,824.0
751.211975572,814.0
751.46380228,834.0
751.715619265,833.0
751.967426528,820.0
752.219224066,837.0
752.471011878,832.0
752.722789963,833.0
752.974558319,830.0
753.226316946,828.0
753.478065841,841.0
753.729805004,839.0
753.981534432,834.0
754.233254125,827.0
754.484964081,828.0
754.736664299,821.0
754.988354778,842.0
755.240035516,836.0
755.491706512,825.0
755.743367764,824.0
755.995019271,825.0
756.246661031,822.0
756.498293044,841.0
756.749915309,833.0
757.001527822,829.0
757.253130584,828.0
757.504723593,837.0
757.756306847,836.0
758.007880345,842.0
758.259444087,846.0
758.510998069,846.0
758.762542292,829.0
759.014076753,836.0
759.265601452,830.0
759.517116387,835.0
759.768621556,832.0
760.020116958,833.0
760.271602593,843.0
760.523078457,832.0
760.774544551,836.0
761.026000873,831.0
761.277447421,836.0
761.528884195,835.0
761.780311192,827.0
762.031728411,824.0
762.283135851,811.0
762.534533511,818.0
762.785921389,818.0
763.037299484,819.0
763.288667794,826.0
763.540026319,840.0
763.791375056,828.0
764.042714005,828.0
764.294043164,828.0
764.545362531,827.0
764.796672106,832.0
765.047971887,823.0
765.299261873,825.0
765.550542061,836.0
765.801812452,836.0
766.053073043,828.0
766.304323833,839.0
766.555564821,841.0
766.806796005,842.0
767.058017385,815.0
767.309228958,825.0
767.560430723,837.0
767.81162268,836.0
768.062804826,832.0
768.31397716,820.0
768.565139681,841.0
768.816292388,835.0
769.067435278,836.0
769.318568352,816.0
769.569691607,827.0
769.820805042,828.0
770.071908656,829.0
770.323002447,844.0
770.574086414,836.0
770.825160555,823.0
771.07622487,832.0
771.327279357,834.0
771.578324014,828.0
771.82935884,820.0
772.080383834,826.0
772.331398995,822.0
772.582404321,821.0
772.83339981,836.0
773.084385462,830.0
773.335361274,836.0
773.586327246,841.0
773.837283377,842.0
774.088229664,830.0
774.339166107,826.0
774.590092704,823.0
774.841009453,820.0
775.091916355,830.0
775.342813406,824.0
775.593700606,817.0
775.844577953,818.0
776.095445446,833.0
776.346303084,832.0
776.597150865,826.0
776.847988788,838.0
777.098816851,829.0
777.349635053,834.0
777.600443394,830.0
777.85124187,832.0
778.102030482,823.0
778.352809228,823.0
778.603578105,811.0
778.854337114,838.0
779.105086252,839.0
779.355825519,830.0
779.606554912,829.0
779.857274431,832.0
780.107984074,840.0
780.35868384,833.0
780.609373728,828.0
780.860053735,828.0
781.110723861,839.0
781.361384104,830.0
781.612034464,823.0
781.862674938,827.0
782.113305525,831.0
782.363926224,830.0
782.614537033,828.0
782.865137952,840.0
783.115728978,834.0
783.366310111,820.0
783.616881349,826.0
783.867442691,824.0
784.117994135,829.0
784.368535679,837.0
784.619067324,842.0
784.869589067,838.0
785.120100906,835.0
785.370602841,826.0
785.621094871,833.0
785.871576993,832.0
786.122049206,835.0
786.372511509,836.0
786.622963902,839.0
786.873406381,822.0
787.123838947,817.0
787.374261597,828.0
787.62467433,826.0
787.875077145,818.0
788.125470041,832.0
788.375853015,831.0
788.626226068,813.0
788.876589197,825.0
789.126942401,825.0
789.377285679,819.0
789.627619029,829.0
789.87794245,845.0
790.128255941,819.0
790.378559499,815.0
790.628853125,828.0
790.879136816,826.0
791.129410572,827.0
791.37967439,831.0
791.629928269,830.0
791.880172209,837.0
792.130406207,818.0
792.380630263,817.0
792.630844375,832.0
792.881048541,822.0
793.13124276,820.0
793.381427031,822.0
793.631601353,823.0
793.881765724,822.0
794.131920143,825.0
794.382064608,832.0
794.632199118,836.0
794.882323672,825.0
795.132438268,821.0
795.382542905,815.0
795.632637582,814.0
795.882722297,829.0
796.132797049,831.0
796.382861836,826.0
796.632916658,840.0
796.882961512,844.0
797.132996398,833.0
797.383021314,819.0
797.633036258,806.0
797.88304123,823.0
798.133036227,827.0
798.38302125,823.0
798.632996295,830.0
798.882961363,830.0
799.132916451,820.0
799.382861558,813.0
799.632796682,823.0
799.882721824,821.0
800.13263698,816.0
800.38254215,836.0
800.632437332,830.0
800.882322526,809.0
801.132197728,825.0
801.38206294,817.0
801.631918158,830.0
801.881763381,826.0
802.131598609,829.0
802.381423839,829.0
802.631239071,820.0
802.881044303,824.0
803.130839533,832.0
803.380624761,816.0
803.630399985,808.0
803.880165203,821.0
804.129920415,806.0
804.379665618,810.0
804.629400813,815.0
804.879125996,821.0
805.128841167,814.0
805.378546324,812.0
805.628241466,814.0
805.877926593,814.0
806.127601701,828.0
806.37726679,825.0
806.626921859,824.0
806.876566906,829.0
807.126201931,823.0
807.37582693,820.0
807.625441904,826.0
807.87504685,825.0
808.124641768,828.0
808.374226656,837.0
808.623801513,836.0
808.873366337,831.0
809.122921127,828.0
809.372465881,831.0
809.622000599,834.0
809.871525279,827.0
810.121039919,826.0
810.370544518,811.0
810.620039075,818.0
810.869523589,812.0
811.118998057,822.0
811.368462479,817.0
811.617916854,829.0
811.867361179,842.0
812.116795454,818.0
812.366219678,814.0
812.615633848,820.0
812.865037964,822.0
813.114432023,821.0
813.363816026,817.0
813.61318997,834.0
813.862553854,821.0
814.111907677,822.0
814.361251437,815.0
814.610585133,810.0
814.859908764,812.0
815.109222327,819.0
815.358525823,821.0
815.607819249,819.0
815.857102605,806.0
816.106375888,819.0
816.355639097,813.0
816.604892232,821.0
816.85413529,829.0
817.103368271,830.0
817.352591173,834.0
817.601803994,829.0
817.851006733,817.0
818.100199389,819.0
818.349381961,824.0
818.598554447,823.0
818.847716846,816.0
819.096869156,816.0
819.346011376,820.0
819.595143505,817.0
819.844265541,814.0
820.093377483,828.0
820.34247933,831.0
820.59157108,819.0
820.840652732,819.0
821.089724284,822.0
821.338785735,826.0
821.587837085,831.0
821.83687833,829.0
822.085909471,826.0
822.334930505,814.0
822.583941432,813.0
822.83294225,806.0
823.081932957,822.0
823.330913552,821.0
823.579884035,820.0
823.828844403,819.0
824.077794655,821.0
824.326734789,835.0
824.575664805,831.0
824.824584702,810.0
825.073494477,819.0
825.322394129,810.0
825.571283657,813.0
825.82016306,826.0
826.069032336,820.0
826.317891484,813.0
826.566740502,816.0
826.81557939,826.0
827.064408145,814.0
827.313226767,832.0
827.562035253,822.0
827.810833604,812.0
828.059621817,822.0
828.30839989,822.0
828.557167824,820.0
828.805925615,818.0
829.054673264,820.0
829.303410768,834.0
829.552138126,820.0
829.800855337,813.0
830.049562399,814.0
830.298259311,812.0
830.546946072,798.0
830.79562268,806.0
831.044289135,814.0
831.292945433,822.0
831.541591576,824.0
831.790227559,816.0
832.038853384,818.0
832.287469048,826.0
832.536074549,813.0
832.784669887,825.0
833.03325506,810.0
833.281830066,812.0
833.530394905,809.0
833.778949575,821.0
834.027494074,826.0
834.276028402,810.0
834.524552556,812.0
834.773066536,818.0
835.02157034,822.0
835.270063967,827.0
835.518547415,813.0
835.767020684,829.0
836.015483771,826.0
836.263936675,820.0
836.512379396,814.0
836.76081193,819.0
837.009234279,810.0
837.257646439,812.0
837.506048409,833.0
837.754440189,822.0
838.002821776,830.0
838.25119317,819.0
838.499554369,814.0
838.747905371,822.0
838.996246176,816.0
839.244576782,813.0
839.492897188,803.0
839.741207391,801.0
839.989507392,814.0
840.237797188,816.0
840.486076778,808.0
840.734346161,807.0
840.982605335,807.0
841.2308543,817.0
841.479093053,811.0
841.727321593,813.0
841.97553992,817.0
842.223748031,821.0
842.471945925,832.0
842.720133601,817.0
842.968311057,826.0
843.216478293,822.0
843.464635307,828.0
843.712782096,827.0
843.960918661,806.0
844.209045,812.0
844.457161111,828.0
844.705266993,826.0
844.953362644,824.0
845.201448064,818.0
845.449523251,823.0
845.697588203,819.0
845.945642919,822.0
846.193687398,812.0
846.441721638,819.0
846.689745639,816.0
846.937759398,823.0
847.185762914,817.0
847.433756187,825.0
847.681739214,826.0
847.929711994,807.0
848.177674526,812.0
848.425626809,829.0
848.67356884,823.0
848.92150062,818.0
849.169422146,819.0
849.417333417,813.0
849.665234431,828.0
849.913125188,815.0
850.161005686,820.0
850.408875924,818.0
850.6567359,822.0
850.904585612,819.0
851.15242506,820.0
851.400254243,826.0
851.648073158,818.0
851.895881804,820.0
852.14368018,814.0
852.391468286,832.0
852.639246118,825.0
852.887013677,826.0
853.13477096,824.0
853.382517966,820.0
853.630254694,827.0
853.877981143,824.0
854.12569731,811.0
854.373403196,826.0
854.621098798,825.0
854.868784115,820.0
855.116459145,817.0
855.364123888,822.0
855.611778342,829.0
855.859422506,818.0
856.107056378,822.0
856.354679956,821.0
856.60229324,819.0
856.849896229,825.0
857.09748892,825.0
857.345071312,839.0
857.592643405,821.0
857.840205196,813.0
858.087756684,812.0
858.335297869,820.0
858.582828748,817.0
858.83034932,816.0
859.077859584,814.0
859.325359539,821.0
859.572849183,823.0
859.820328514,817.0
860.067797532,827.0
860.315256235,830.0
860.562704622,827.0
860.810142691,825.0
861.057570441,829.0
861.304987871,818.0
861.552394978,808.0
861.799791763,813.0
862.047178223,811.0
862.294554357,825.0
862.541920164,828.0
862.789275643,828.0
863.036620791,827.0
863.283955609,826.0
863.531280093,819.0
863.778594244,820.0
864.025898059,814.0
864.273191537,812.0
864.520474677,822.0
864.767747478,816.0
865.015009938,826.0
865.262262055,834.0
865.509503829,820.0
865.756735258,815.0
866.003956341,810.0
866.251167076,804.0
866.498367462,812.0
866.745557497,820.0
866.992737181,808.0
867.239906512,817.0
867.487065488,816.0
867.734214108,819.0
867.981352371,818.0
868.228480276,820.0
868.47559782,817.0
868.722705003,820.0
868.969801824,819.0
869.21688828,822.0
869.463964372,812.0
869.711030096,812.0
869.958085452,824.0
870.205130439,827.0
870.452165054,828.0
870.699189298,836.0
870.946203168,821.0
871.193206663,819.0
871.440199782,827.0
871.687182523,821.0
871.934154885,825.0
872.181116866,834.0
872.428068466,815.0
872.675009683,823.0
872.921940515,818.0
873.168860961,825.0
873.41577102,812.0
873.662670691,828.0
873.909559971,825.0
874.15643886,826.0
874.403307357,826.0
874.650165459,825.0
874.897013166,820.0
875.143850477,811.0
875.390677389,829.0
875.637493901,826.0
875.884300013,816.0
876.131095723,827.0
876.377881029,814.0
876.62465593,820.0
876.871420424,816.0
877.118174511,813.0
877.364918189,820.0
877.611651457,819.0
877.858374313,815.0
878.105086755,814.0
878.351788783,829.0
878.598480396,819.0
878.845161591,813.0
879.091832367,810.0
879.338492724,814.0
879.585142659,823.0
879.831782171,819.0
880.07841126,815.0
880.325029923,823.0
880.571638159,820.0
880.818235967,815.0
881.064823346,819.0
881.311400293,830.0
881.557966809,820.0
881.804522891,826.0
882.051068538,820.0
882.297603749,817.0
882.544128522,823.0
882.790642856,821.0
883.037146749,819.0
883.283640201,824.0
883.530123209,822.0
883.776595774,820.0
884.023057892,831.0
884.269509563,817.0
884.515950785,821.0
884.762381558,814.0
885.008801879,821.0
885.255211747,824.0
885.501611162,816.0
885.748000121,821.0
885.994378623,829.0
886.240746667,824.0
886.487104252,835.0
886.733451375,819.0
886.979788037,818.0
887.226114235,837.0
887.472429968,831.0
887.718735234,813.0
887.965030033,808.0
888.211314363,819.0
888.457588223,826.0
888.70385161,823.0
888.950104525,814.0
889.196346965,815.0
889.442578929,814.0
889.688800416,821.0
889.935011425,825.0
890.181211953,819.0
890.427402,823.0
890.673581565,820.0
890.919750645,831.0
891.16590924,824.0
891.412057348,830.0
891.658194968,823.0
891.904322099,819.0
892.150438738,822.0
892.396544886,837.0
892.64264054,824.0
892.888725699,826.0
893.134800361,824.0
893.380864526,831.0
893.626918192,810.0
893.872961357,822.0
894.118994021,809.0
894.365016182,798.0
894.611027838,813.0
894.857028988,819.0
895.103019631,821.0
895.348999765,826.0
895.59496939,825.0
895.840928503,818.0
896.086877103,821.0
896.332815189,830.0
896.57874276,826.0
896.824659814,823.0
897.07056635,822.0
897.316462367,829.0
897.562347863,829.0
897.808222836,832.0
898.054087286,832.0
898.299941211,829.0
898.545784609,824.0
898.79161748,836.0
899.037439822,837.0
899.283251633,822.0
899.529052913,828.0
899.774843659,815.0
900.020623871,820.0
900.266393547,830.0
900.512152686,830.0
900.757901287,817.0
901.003639347,824.0
901.249366866,829.0
901.495083842,827.0
901.740790275,814.0
901.986486161,805.0
902.232171501,825.0
902.477846293,833.0
902.723510536,828.0
902.969164227,823.0
903.214807367,810.0
903.460439953,820.0
903.706061983,817.0
903.951673458,814.0
904.197274375,810.0
904.442864732,824.0
904.68844453,823.0
904.934013765,833.0
905.179572438,828.0
905.425120546,823.0
905.670658088,821.0
905.916185062,816.0
906.161701469,829.0
906.407207305,833.0
906.65270257,809.0
906.898187262,816.0
907.14366138,815.0
907.389124923,817.0
907.634577889,821.0
907.880020277,822.0
908.125452086,830.0
908.370873313,842.0
908.616283958,838.0
908.86168402,820.0
909.107073497,822.0
909.352452387,824.0
909.59782069,827.0
909.843178404,823.0
910.088525527,828.0
910.333862058,827.0
910.579187997,831.0
910.82450334,829.0
911.069808088,825.0
911.315102239,822.0
911.560385791,824.0
911.805658744,824.0
912.050921094,831.0
912.296172843,814.0
912.541413987,834.0
912.786644525,828.0
913.031864457,818.0
913.277073781,816.0
913.522272496,828.0
913.767460599,831.0
914.01263809,828.0
914.257804968,832.0
914.50296123,823.0
914.748106877,815.0
914.993241905,816.0
915.238366315,819.0
915.483480104,826.0
915.728583272,823.0
915.973675816,821.0
916.218757736,821.0
916.46382903,820.0
916.708889696,820.0
916.953939734,817.0
917.198979142,813.0
917.444007919,811.0
917.689026063,826.0
917.934033573,829.0
918.179030448,819.0
918.424016686,828.0
918.668992286,825.0
918.913957246,833.0
919.158911565,839.0
919.403855242,829.0
919.648788276,816.0
919.893710664,813.0
920.138622407,821.0
920.383523501,819.0
920.628413947,814.0
920.873293742,824.0
921.118162885,830.0
921.363021375,823.0
921.607869211,813.0
921.852706391,826.0
922.097532913,825.0
922.342348777,819.0
922.587153981,816.0
922.831948524,822.0
923.076732404,818.0
923.32150562,818.0
923.566268171,821.0
923.811020054,824.0
924.05576127,814.0
924.300491816,820.0
924.545211691,817.0
924.789920894,831.0
925.034619424,819.0
925.279307278,813.0
925.523984456,822.0
925.768650957,834.0
926.013306778,816.0
926.257951919,828.0
926.502586378,823.0
926.747210155,829.0
926.991823246,824.0
927.236425652,822.0
927.48101737,820.0
927.7255984,824.0
927.97016874,820.0
928.214728389,832.0
928.459277345,823.0
928.703815606,818.0
928.948343173,826.0
929.192860043,825.0
929.437366214,826.0
929.681861686,822.0
929.926346457,823.0
930.170820526,823.0
930.415283891,816.0
930.659736552,831.0
930.904178506,830.0
931.148609752,836.0
931.39303029,826.0
931.637440116,817.0
931.881839232,815.0
932.126227634,823.0
932.370605321,829.0
932.614972293,823.0
932.859328547,822.0
933.103674083,832.0
933.348008899,817.0
933.592332993,824.0
933.836646365,830.0
934.080949013,832.0
934.325240935,834.0
934.56952213,825.0
934.813792598,817.0
935.058052336,826.0
935.302301343,810.0
935.546539618,826.0
935.790767159,817.0
936.034983965,816.0
936.279190035,826.0
936.523385367,821.0
936.76756996,828.0
937.011743813,816.0
937.255906924,827.0
937.500059292,834.0
937.744200915,825.0
937.988331793,822.0
938.232451923,825.0
938.476561305,820.0
938.720659936,818.0
938.964747817,815.0
939.208824944,818.0
939.452891318,827.0
939.696946936,828.0
939.940991798,820.0
940.185025901,827.0
940.429049245,820.0
940.673061828,820.0
940.917063648,825.0
941.161054705,833.0
941.405034998,825.0
941.649004523,816.0
941.892963281,829.0
942.13691127,820.0
942.380848489,816.0
942.624774936,826.0
942.86869061,836.0
943.112595509,828.0
943.356489632,826.0
943.600372978,822.0
943.844245546,841.0
944.088107333,835.0
944.33195834,838.0
944.575798563,816.0
944.819628003,830.0
945.063446657,825.0
945.307254524,835.0
945.551051603,815.0
945.794837893,817.0
946.038613392,822.0
946.282378098,832.0
946.526132011,825.0
946.769875129,824.0
947.013607451,818.0
947.257328975,821.0
947.5010397,827.0
947.744739624,826.0
947.988428747,818.0
948.232107067,826.0
948.475774582,811.0
948.719431291,831.0
948.963077193,829.0
949.206712286,829.0
949.45033657,835.0
949.693950042,827.0
949.937552701,824.0
950.181144546,833.0
950.424725576,840.0
950.66829579,829.0
950.911855185,813.0
951.15540376,808.0
951.398941515,807.0
951.642468447,810.0
951.885984556,813.0
952.12948984,820.0
952.372984297,819.0
952.616467927,831.0
952.859940728,825.0
953.103402698,821.0
953.346853837,827.0
953.590294142,824.0
953.833723613,820.0
954.077142248,829.0
954.320550046,825.0
954.563947005,814.0
954.807333125,821.0
955.050708402,825.0
955.294072838,821.0
955.537426429,821.0
955.780769175,814.0
956.024101074,818.0
956.267422125,819.0
956.510732326,827.0
956.754031676,829.0
956.997320175,826.0
957.240597819,819.0
957.483864609,821.0
957.727120542,826.0
957.970365618,826.0
958.213599835,812.0
958.456823191,836.0
958.700035685,824.0
958.943237317,823.0
959.186428083,830.0
959.429607984,826.0
959.672777018,813.0
959.915935183,813.0
960.159082478,808.0
960.402218902,817.0
960.645344453,819.0
960.88845913,820.0
961.131562932,829.0
961.374655856,817.0
961.617737903,820.0
961.86080907,826.0
962.103869357,817.0
962.346918761,836.0
962.589957281,826.0
962.832984917,814.0
963.076001666,818.0
963.319007527,821.0
963.5620025,805.0
963.804986582,815.0
964.047959772,821.0
964.290922069,826.0
964.533873472,815.0
964.776813979,812.0
965.019743588,822.0
965.262662299,822.0
965.50557011,833.0
965.74846702,837.0
965.991353026,822.0
966.234228129,820.0
966.477092327,830.0
966.719945617,829.0
966.962788,824.0
967.205619473,828.0
967.448440035,818.0
967.691249685,823.0
967.934048421,834.0
968.176836243,812.0
968.419613148,814.0
968.662379135,815.0
968.905134203,824.0
969.147878351,822.0
969.390611577,837.0
969.63333388,824.0
969.876045259,807.0
970.118745711,817.0
970.361435237,820.0
970.604113833,832.0
970.8467815,821.0
971.089438235,806.0
971.332084038,817.0
971.574718907,816.0
971.81734284,811.0
972.059955837,829.0
972.302557895,806.0
972.545149014,814.0
972.787729192,829.0
973.030298428,828.0
973.27285672,813.0
973.515404067,826.0
973.757940468,826.0
974.000465921,814.0
974.242980425,818.0
974.485483979,814.0
974.727976581,825.0
974.970458229,819.0
975.212928924,828.0
975.455388662,821.0
975.697837443,812.0
975.940275266,817.0
976.182702128,809.0
976.425118029,811.0
976.667522968,808.0
976.909916942,809.0
977.152299952,815.0
977.394671994,818.0
977.637033068,820.0
977.879383173,829.0
978.121722306,821.0
978.364050468,824.0
978.606367656,828.0
978.848673869,822.0
979.090969105,829.0
979.333253364,826.0
979.575526644,811.0
979.817788944,802.0
980.060040262,826.0
980.302280596,834.0
980.544509946,823.0
980.78672831,813.0
981.028935687,809.0
981.271132076,819.0
981.513317474,808.0
981.755491881,812.0
981.997655295,813.0
982.239807716,811.0
982.481949141,824.0
982.724079569,833.0
982.966198999,819.0
983.208307429,821.0
983.450404859,820.0
983.692491286,816.0
983.93456671,829.0
984.176631129,822.0
984.418684541,807.0
984.660726946,833.0
984.902758341,827.0
985.144778727,815.0
985.3867881,805.0
985.628786461,816.0
985.870773806,822.0
986.112750136,823.0
986.354715449,819.0
986.596669743,819.0
986.838613017,820.0
987.08054527,818.0
987.3224665,818.0
987.564376706,821.0
987.806275887,816.0
988.048164041,806.0
988.290041167,812.0
988.531907263,816.0
988.773762328,810.0
989.015606362,807.0
989.257439361,813.0
989.499261326,820.0
989.741072254,811.0
989.982872144,810.0
990.224660996,805.0
990.466438807,813.0
990.708205576,825.0
990.949961302,826.0
991.191705984,817.0
991.43343962,822.0
991.675162208,817.0
991.916873748,813.0
992.158574238,820.0
992.400263677,798.0
992.641942063,818.0
992.883609395,818.0
993.125265671,817.0
993.366910891,804.0
993.608545052,822.0
993.850168154,826.0
994.091780195,830.0
994.333381174,828.0
994.57497109,804.0
994.81654994,818.0
995.058117724,809.0
995.29967444,810.0
995.541220088,813.0
995.782754664,823.0
996.024278169,820.0
996.265790601,809.0
996.507291959,815.0
996.74878224,814.0
996.990261445,814.0
997.23172957,817.0
997.473186616,821.0
997.71463258,822.0
997.956067462,818.0
998.19749126,823.0
998.438903972,826.0
998.680305597,820.0
998.921696135,815.0
999.163075583,820.0
999.404443939,813.0
999.645801204,819.0
999.887147375,816.0
1000.12848245,822.0
1000.36980643,828.0
1000.61111931,826.0
1000.8524211,815.0
1001.09371178,819.0
1001.33499136,822.0
1001.57625984,824.0
1001.81751721,830.0
1002.05876348,821.0
1002.29999864,826.0
1002.54122269,827.0
1002.78243563,810.0
1003.02363746,827.0
1003.26482818,820.0
1003.50600778,812.0
1003.74717627,807.0
1003.98833364,808.0
1004.22947989,814.0
1004.47061503,818.0
1004.71173904,807.0
1004.95285193,817.0
1005.1939537,820.0
1005.43504434,819.0
1005.67612386,819.0
1005.91719224,823.0
1006.1582495,829.0
1006.39929563,823.0
1006.64033063,815.0
1006.88135449,817.0
1007.12236722,818.0
1007.36336881,822.0
1007.60435927,821.0
1007.84533859,827.0
1008.08630676,823.0
1008.3272638,824.0
1008.56820969,822.0
1008.80914444,822.0
1009.05006804,802.0
1009.2909805,822.0
1009.53188181,819.0
1009.77277197,818.0
1010.01365098,819.0
1010.25451883,813.0
1010.49537554,809.0
1010.73622108,818.0
1010.97705548,819.0
1011.21787871,817.0
1011.45869078,815.0
1011.6994917,822.0
1011.94028145,817.0
1012.18106004,821.0
1012.42182746,826.0
1012.66258372,828.0
1012.90332881,820.0
1013.14406274,825.0
1013.38478549,825.0
1013.62549707,821.0
1013.86619748,814.0
1014.10688672,812.0
1014.34756478,808.0
1014.58823166,812.0
1014.82888736,819.0
1015.06953189,811.0
1015.31016523,806.0
1015.55078739,813.0
1015.79139837,816.0
1016.03199817,813.0
1016.27258677,824.0
1016.51316419,830.0
1016.75373042,824.0
1016.99428546,818.0
1017.23482931,812.0
1017.47536197,819.0
1017.71588343,806.0
1017.95639369,828.0
1018.19689276,827.0
1018.43738063,821.0
1018.67785729,822.0
1018.91832276,816.0
1019.15877703,821.0
1019.39922009,828.0
1019.63965194,818.0
1019.88007259,818.0
1020.12048203,819.0
1020.36088026,816.0
1020.60126728,826.0
1020.84164309,828.0
1021.08200768,824.0
1021.32236106,836.0
1021.56270323,832.0
1021.80303417,821.0
1022.0433539,830.0
1022.2836624,828.0
1022.52395969,824.0
1022.76424575,818.0
1023.00452058,816.0
1023.24478419,827.0
1023.48503658,821.0
1023.72527773,813.0
1023.96550766,823.0
1024.20572635,808.0
1024.44593381,814.0
1024.68613004,822.0
1024.92631503,816.0
1025.16648878,814.0
1025.4066513,814.0
1025.64680257,817.0
1025.88694261,829.0
1026.1270714,821.0
1026.36718895,815.0
1026.60729526,819.0
1026.84739031,822.0
1027.08747413,818.0
1027.32754669,814.0
1027.567608,826.0
1027.80765806,813.0
1028.04769686,814.0
1028.28772442,814.0
1028.52774071,827.0
1028.76774575,817.0
1029.00773953,817.0
1029.24772205,816.0
1029.48769331,815.0
1029.72765331,815.0
1029.96760204,820.0
1030.20753951,818.0
1030.44746571,820.0
1030.68738064,813.0
1030.9272843,822.0
1031.16717669,818.0
1031.40705781,826.0
1031.64692766,820.0
1031.88678623,827.0
1032.12663352,828.0
1032.36646954,814.0
1032.60629427,812.0
1032.84610773,812.0
1033.08590991,815.0
1033.3257008,828.0
1033.56548041,796.0
1033.80524873,818.0
1034.04500576,813.0
1034.28475151,820.0
1034.52448596,820.0
1034.76420913,822.0
1035.003921,812.0
1035.24362158,816.0
1035.48331086,817.0
1035.72298885,818.0
1035.96265553,811.0
1036.20231092,822.0
1036.44195501,812.0
1036.68158779,812.0
1036.92120927,813.0
1037.16081945,812.0
1037.40041832,812.0
1037.64000588,813.0
1037.87958214,822.0
1038.11914708,824.0
1038.35870071,825.0
1038.59824303,820.0
1038.83777403,827.0
1039.07729372,827.0
1039.31680209,819.0
1039.55629914,822.0
1039.79578487,810.0
1040.03525928,825.0
1040.27472237,824.0
1040.51417413,824.0
1040.75361457,816.0
1040.99304368,821.0
1041.23246146,812.0
1041.47186792,822.0
1041.71126304,826.0
1041.95064683,821.0
1042.19001929,834.0
1042.42938041,822.0
1042.6687302,818.0
1042.90806864,817.0
1043.14739575,815.0
1043.38671152,820.0
1043.62601595,826.0
1043.86530903,816.0
1044.10459077,822.0
1044.34386116,819.0
1044.58312021,820.0
1044.82236791,817.0
1045.06160425,818.0
1045.30082925,830.0
1045.54004289,820.0
1045.77924518,810.0
1046.01843612,818.0
1046.25761569,813.0
1046.49678391,806.0
1046.73594077,818.0
1046.97508627,820.0
1047.21422041,822.0
1047.45334318,822.0
1047.69245459,816.0
1047.93155463,822.0
1048.1706433,825.0
1048.40972061,827.0
1048.64878654,823.0
1048.8878411,818.0
1049.12688429,825.0
1049.36591611,828.0
1049.60493654,824.0
1049.84394561,820.0
1050.08294329,828.0
1050.32192959,807.0
1050.56090451,820.0
1050.79986805,822.0
1051.03882021,810.0
1051.27776098,824.0
1051.51669036,823.0
1051.75560835,831.0
1051.99451496,829.0
1052.23341017,825.0
1052.47229399,830.0
1052.71116642,829.0
1052.95002746,833.0
1053.18887709,826.0
1053.42771533,818.0
1053.66654217,820.0
1053.90535761,824.0
1054.14416165,828.0
1054.38295429,812.0
1054.62173552,821.0
1054.86050534,834.0
1055.09926376,833.0
1055.33801077,830.0
1055.57674636,819.0
1055.81547055,814.0
1056.05418333,816.0
1056.29288469,817.0
1056.53157463,822.0
1056.77025316,812.0
1057.00892027,821.0
1057.24757596,820.0
1057.48622023,828.0
1057.72485308,820.0
1057.9634745,816.0
1058.2020845,829.0
1058.44068307,822.0
1058.67927022,820.0
1058.91784593,820.0
1059.15641022,814.0
1059.39496307,819.0
1059.63350449,813.0
1059.87203448,820.0
1060.11055303,825.0
1060.34906014,813.0
1060.58755582,832.0
1060.82604005,821.0
1061.06451284,833.0
1061.30297419,826.0
1061.5414241,828.0
1061.77986256,816.0
1062.01828958,824.0
1062.25670514,814.0
1062.49510926,819.0
1062.73350192,820.0
1062.97188314,820.0
1063.2102529,820.0
1063.4486112,829.0
1063.68695805,830.0
1063.92529344,832.0
1064.16361737,821.0
1064.40192984,835.0
1064.64023085,821.0
1064.8785204,831.0
1065.11679848,825.0
1065.35506509,824.0
1065.59332024,822.0
1065.83156392,821.0
1066.06979613,816.0
1066.30801687,824.0
1066.54622614,831.0
1066.78442393,815.0
1067.02261025,825.0
1067.26078509,816.0
1067.49894845,823.0
1067.73710033,833.0
1067.97524073,820.0
1068.21336965,816.0
1068.45148708,833.0
1068.68959303,835.0
1068.9276875,828.0
1069.16577047,811.0
1069.40384196,812.0
1069.64190196,817.0
1069.87995046,829.0
1070.11798748,828.0
1070.35601299,824.0
1070.59402701,829.0
1070.83202954,822.0
1071.07002056,828.0
1071.30800009,825.0
1071.54596811,821.0
1071.78392463,819.0
1072.02186965,827.0
1072.25980316,841.0
1072.49772517,834.0
1072.73563567,824.0
1072.97353465,833.0
1073.21142213,826.0
1073.4492981,828.0
1073.68716255,818.0
1073.92501548,826.0
1074.1628569,824.0
1074.4006868,824.0
1074.63850519,823.0
1074.87631205,818.0
1075.11410739,811.0
1075.35189121,806.0
1075.5896635,808.0
1075.82742427,825.0
1076.06517351,812.0
1076.30291122,830.0
1076.5406374,830.0
1076.77835205,818.0
1077.01605517,815.0
1077.25374675,827.0
1077.4914268,828.0
1077.72909531,821.0
1077.96675228,836.0
1078.20439771,833.0
1078.44203161,826.0
1078.67965396,808.0
1078.91726476,821.0
1079.15486402,822.0
1079.39245174,815.0
1079.63002791,821.0
1079.86759253,830.0
1080.10514559,822.0
1080.34268711,834.0
1080.58021707,828.0
1080.81773548,832.0
1081.05524233,827.0
1081.29273763,815.0
1081.53022137,834.0
1081.76769354,822.0
1082.00515416,827.0
1082.24260321,823.0
1082.4800407,835.0
1082.71746662,826.0
1082.95488098,826.0
1083.19228377,833.0
1083.42967499,826.0
1083.66705463,825.0
1083.90442271,823.0
1084.14177921,829.0
1084.37912414,819.0
1084.61645749,825.0
1084.85377926,825.0
1085.09108946,806.0
1085.32838807,819.0
1085.5656751,817.0
1085.80295055,824.0
1086.04021442,832.0
1086.27746669,820.0
1086.51470739,816.0
1086.75193649,821.0
1086.989154,826.0
1087.22635992,830.0
1087.46355425,831.0
1087.70073698,818.0
1087.93790812,816.0
1088.17506766,813.0
1088.41221561,814.0
1088.64935195,835.0
1088.8864767,821.0
1089.12358984,822.0
1089.36069138,829.0
1089.59778131,818.0
1089.83485964,828.0
1090.07192635,828.0
1090.30898146,816.0
1090.54602496,830.0
1090.78305685,823.0
1091.02007712,824.0
1091.25708578,820.0
1091.49408283,823.0
1091.73106825,820.0
1091.96804206,817.0
1092.20500425,828.0
1092.44195482,834.0
1092.67889376,828.0
1092.91582108,835.0
1093.15273678,818.0
1093.38964084,811.0
1093.62653328,819.0
1093.86341409,822.0
1094.10028327,817.0
1094.33714082,827.0
1094.57398673,824.0
1094.81082101,824.0
1095.04764365,808.0
1095.28445466,821.0
1095.52125402,823.0
1095.75804175,830.0
1095.99481783,820.0
1096.23158227,823.0
1096.46833507,826.0
1096.70507622,818.0
1096.94180572,809.0
1097.17852357,812.0
1097.41522977,820.0
1097.65192433,820.0
1097.88860723,824.0
1098.12527847,824.0
1098.36193806,844.0
1098.598586,822.0
1098.83522227,833.0
1099.07184689,826.0
1099.30845984,822.0
1099.54506113,822.0
1099.78165076,827.0
1100.01822873,827.0
1100.25479502,834.0
1100.49134965,829.0
1100.72789261,825.0
1100.9644239,828.0
1101.20094352,811.0
1101.43745147,812.0
1101.67394774,813.0
1101.91043234,823.0
1102.14690525,826.0
1102.38336649,830.0
1102.61981605,828.0
1102.85625393,830.0
1103.09268012,829.0
1103.32909464,817.0
1103.56549746,814.0
1103.8018886,825.0
1104.03826805,829.0
1104.27463581,828.0
1104.51099188,826.0
1104.74733626,826.0
1104.98366894,802.0
1105.21998993,816.0
1105.45629923,826.0
1105.69259682,818.0
1105.92888272,819.0
1106.16515692,822.0
1106.40141941,816.0
1106.6376702,819.0
1106.87390929,806.0
1107.11013667,821.0
1107.34635234,811.0
1107.58255631,822.0
1107.81874856,819.0
1108.0549291,819.0
1108.29109793,822.0
1108.52725505,826.0
1108.76340045,834.0
1108.99953414,827.0
1109.2356561,818.0
1109.47176635,834.0
1109.70786488,825.0
1109.94395168,826.0
1110.18002676,822.0
1110.41609012,817.0
1110.65214174,812.0
1110.88818165,825.0
1111.12420982,824.0
1111.36022626,824.0
1111.59623097,820.0
1111.83222394,819.0
1112.06820519,815.0
1112.30417469,836.0
1112.54013246,812.0
1112.77607849,827.0
1113.01201278,824.0
1113.24793533,821.0
1113.48384614,822.0
1113.7197452,827.0
1113.95563252,829.0
1114.19150809,829.0
1114.42737191,825.0
1114.66322398,829.0
1114.8990643,820.0
1115.13489287,829.0
1115.37070969,818.0
1115.60651475,818.0
1115.84230805,819.0
1116.0780896,818.0
1116.31385939,825.0
1116.54961741,832.0
1116.78536368,824.0
1117.02109818,820.0
1117.25682092,807.0
1117.49253189,825.0
1117.7282311,833.0
1117.96391853,825.0
1118.1995942,818.0
1118.43525809,830.0
1118.67091021,825.0
1118.90655056,820.0
1119.14217913,829.0
1119.37779593,816.0
1119.61340095,828.0
1119.84899418,834.0
1120.08457564,820.0
1120.32014532,815.0
1120.55570321,814.0
1120.79124931,824.0
1121.02678363,812.0
1121.26230617,841.0
1121.49781691,829.0
1121.73331586,820.0
1121.96880302,814.0
1122.20427839,819.0
1122.43974196,835.0
1122.67519374,837.0
1122.91063372,827.0
1123.1460619,814.0
1123.38147828,825.0
1123.61688286,818.0
1123.85227564,818.0
1124.08765661,818.0
1124.32302578,818.0
1124.55838314,818.0
1124.7937287,818.0
1125.02906244,818.0
1125.26438437,818.0
1125.49969449,818.0
1125.7349928,818.0
1125.97027929,818.0
1126.20555397,818.0
1126.44081682,818.0
1126.67606786,818.0
1126.91130708,818.0
1127.14653448,818.0
1127.38175005,818.0
1127.6169538,818.0
1127.85214572,818.0
1128.08732582,818.0
1128.32249409,818.0
1128.55765052,818.0
1128.79279513,818.0
1129.0279279,818.0
1129.26304884,818.0
1129.49815794,818.0
1129.73325521,818.0
1129.96834064,818.0
1130.20341423,818.0
1130.43847598,818.0
1130.67352588,818.0
1130.90856394,818.0
1131.14359016,818.0
1131.37860453,818.0
1131.61360705,818.0
1131.84859773,818.0
1132.08357655,818.0
1132.31854352,818.0
1132.55349864,818.0
1132.78844191,818.0
1133.02337332,818.0
1133.25829287,818.0
1133.49320056,818.0
1133.72809639,818.0
1133.96298036,818.0
1134.19785247,818.0
1134.43271272,818.0
1134.6675611,818.0
1134.90239761,818.0
1135.13722225,818.0
1135.37203503,818.0
1135.60683593,818.0
1135.84162496,818.0
1136.07640212,818.0
1136.3111674,818.0
1136.54592081,818.0
1136.78066234,818.0
1137.01539199,818.0
1137.25010976,818.0
1137.48481564,818.0
1137.71950965,818.0
1137.95419177,818.0
1138.188862,818.0
1138.42352035,818.0
1138.65816681,818.0
1138.89280137,818.0
1139.12742405,818.0
1139.36203483,818.0
1139.59663372,818.0
1139.83122072,818.0
1140.06579582,818.0
1140.30035902,818.0
1140.53491032,818.0
1140.76944972,818.0
1141.00397721,818.0
1141.23849281,818.0
1141.47299649,818.0
1141.70748828,818.0
1141.94196815,818.0
1142.17643612,818.0
1142.41089217,818.0
1142.64533631,818.0
1142.87976854,818.0
1143.11418886,818.0
1143.34859726,818.0
1143.58299374,818.0
1143.8173783,818.0
1144.05175095,818.0
1144.28611167,818.0
1144.52046047,818.0
1144.75479734,818.0
1144.98912229,818.0
1145.22343532,818.0
1145.45773641,818.0
1145.69202558,818.0
1145.92630281,818.0
1146.16056811,818.0
1146.39482148,818.0
1146.62906292,818.0
1146.86329241,818.0
1147.09750997,818.0
1147.3317156,818.0
1147.56590928,818.0
1147.80009101,818.0
1148.03426081,818.0
1148.26841866,818.0
1148.50256457,818.0
1148.73669852,818.0
1148.97082053,818.0
1149.20493059,818.0
1149.4390287,818.0
1149.67311485,818.0
1149.90718905,818.0
1150.1412513,818.0
1150.37530159,818.0
1150.60933992,818.0
1150.84336629,818.0
1151.0773807,818.0
1151.31138315,818.0
1151.54537363,818.0
1151.77935215,818.0
1152.0133187,818.0
1152.24727329,818.0
1152.48121591,818.0
1152.71514655,818.0
1152.94906523,818.0
1153.18297193,818.0
1153.41686665,818.0
1153.6507494,818.0
1153.88462018,818.0
1154.11847897,818.0
1154.35232579,818.0
1154.58616062,818.0
1154.81998347,818.0
1155.05379434,818.0
1155.28759322,818.0
1155.52138011,818.0
1155.75515502,818.0
1155.98891793,818.0
1156.22266886,818.0
1156.45640779,818.0
1156.69013473,818.0
1156.92384968,818.0
1157.15755263,818.0
1157.39124358,818.0
1157.62492253,818.0
1157.85858948,818.0
1158.09224443,818.0
1158.32588737,818.0
1158.55951832,818.0
1158.79313725,818.0
1159.02674418,818.0
1159.2603391,818.0
1159.49392201,818.0
1159.72749291,818.0
1159.9610518,818.0
1160.19459867,818.0
1160.42813352,818.0
1160.66165636,818.0
1160.89516719,818.0
1161.12866599,818.0
1161.36215277,818.0
1161.59562753,818.0
1161.82909026,818.0
1162.06254097,818.0
1162.29597966,818.0
1162.52940631,818.0
1162.76282094,818.0
1162.99622354,818.0
1163.2296141,818.0
1163.46299263,818.0
1163.69635913,818.0
1163.92971359,818.0
1164.16305602,818.0
1164.3963864,818.0
1164.62970475,818.0
1164.86301105,818.0
1165.09630531,818.0
1165.32958753,818.0
1165.5628577,818.0
1165.79611583,818.0
1166.0293619,818.0
1166.26259593,818.0
1166.49581791,818.0
1166.72902783,818.0