195.49567,813.0
195.765095591,768.0
196.034514361,798.0
196.30392631,806.0
196.573331437,808.0
196.84272974,804.0
197.112121217,806.0
197.381505868,816.0
197.65088369,803.0
197.920254683,798.0
198.189618846,818.0
198.458976176,807.0
198.728326672,817.0
198.997670334,809.0
199.267007159,798.0
199.536337147,808.0
199.805660296,820.0
200.074976604,812.0
200.344286071,804.0
200.613588695,804.0
200.882884474,814.0
201.152173407,812.0
201.421455493,814.0
201.690730731,807.0
201.959999119,817.0
202.229260655,824.0
202.498515339,829.0
202.767763169,804.0
203.037004143,817.0
203.306238261,817.0
203.575465521,819.0
203.844685921,813.0
204.11389946,808.0
204.383106137,815.0
204.652305951,820.0
204.9214989,823.0
205.190684982,824.0
205.459864197,814.0
205.729036543,802.0
205.998202019,823.0
206.267360622,833.0
206.536512353,827.0
206.805657209,819.0
207.07479519,806.0
207.343926293,804.0
207.613050518,819.0
207.882167863,832.0
208.151278326,821.0
208.420381907,814.0
208.689478604,827.0
208.958568415,829.0
209.22765134,823.0
209.496727377,798.0
209.765796524,812.0
210.034858781,812.0
210.303914145,819.0
210.572962616,837.0
210.842004192,818.0
211.111038871,824.0
211.380066653,817.0
211.649087536,822.0
211.918101519,826.0
212.1871086,826.0
212.456108778,823.0
212.725102051,816.0
212.994088419,816.0
213.263067879,829.0
213.532040431,802.0
213.801006073,813.0
214.069964803,816.0
214.338916621,818.0
214.607861525,823.0
214.876799514,828.0
215.145730586,818.0
215.41465474,812.0
215.683571974,824.0
215.952482288,822.0
216.221385679,814.0
216.490282147,816.0
216.75917169,809.0
217.028054307,828.0
217.296929996,819.0
217.565798756,807.0
217.834660586,808.0
218.103515483,829.0
218.372363448,830.0
218.641204479,819.0
218.910038573,808.0
219.178865731,822.0
219.44768595,829.0
219.716499229,812.0
219.985305567,799.0
220.254104962,812.0
220.522897413,811.0
220.791682918,809.0
221.060461477,812.0
221.329233088,814.0
221.59799775,813.0
221.866755461,817.0
222.135506219,824.0
222.404250024,813.0
222.672986874,812.0
222.941716768,824.0
223.210439704,830.0
223.479155681,826.0
223.747864698,823.0
224.016566753,829.0
224.285261845,821.0
224.553949972,820.0
224.822631134,828.0
225.091305329,827.0
225.359972555,818.0
225.628632811,821.0
225.897286096,829.0
226.165932408,826.0
226.434571746,819.0
226.703204109,812.0
226.971829495,814.0
227.240447903,811.0
227.509059331,821.0
227.777663779,821.0
228.046261245,823.0
228.314851727,817.0
228.583435224,823.0
228.852011735,805.0
229.120581258,814.0
229.389143792,820.0
229.657699336,812.0
229.926247888,814.0
230.194789447,803.0
230.463324012,804.0
230.73185158,809.0
231.000372152,807.0
231.268885725,812.0
231.537392298,815.0
231.80589187,820.0
232.074384439,818.0
232.342870005,817.0
232.611348564,841.0
232.879820118,836.0
233.148284663,824.0
233.416742198,822.0
233.685192723,818.0
233.953636236,816.0
234.222072735,806.0
234.490502219,810.0
234.758924687,813.0
235.027340137,810.0
235.295748568,812.0
235.564149979,814.0
235.832544368,819.0
236.100931735,830.0
236.369312076,826.0
236.637685392,822.0
236.906051681,824.0
237.174410941,809.0
237.442763171,819.0
237.71110837,813.0
237.979446536,816.0
238.247777669,815.0
238.516101766,818.0
238.784418826,829.0
239.052728848,817.0
239.321031831,807.0
239.589327772,810.0
239.857616672,819.0
240.125898528,828.0
240.394173339,825.0
240.662441104,817.0
240.930701822,816.0
241.19895549,832.0
241.467202108,836.0
241.735441674,829.0
242.003674187,818.0
242.271899646,828.0
242.540118049,824.0
242.808329395,824.0
243.076533682,824.0
243.344730909,812.0
243.612921075,816.0
243.881104178,822.0
244.149280218,817.0
244.417449192,817.0
244.685611099,824.0
244.953765938,812.0
245.221913708,826.0
245.490054407,834.0
245.758188033,825.0
246.026314587,819.0
246.294434065,805.0
246.562546467,812.0
246.830651791,810.0
247.098750037,823.0
247.366841202,821.0
247.634925285,824.0
247.903002285,821.0
248.171072201,824.0
248.439135031,819.0
248.707190774,821.0
248.975239428,819.0
249.243280992,825.0
249.511315465,836.0
249.779342845,813.0
250.047363132,816.0
250.315376323,811.0
250.583382417,811.0
250.851381413,807.0
251.11937331,802.0
251.387358106,814.0
251.6553358,812.0
251.92330639,801.0
252.191269875,798.0
252.459226254,812.0
252.727175526,831.0
252.995117688,821.0
253.26305274,809.0
253.53098068,807.0
253.798901508,828.0
254.06681522,823.0
254.334721817,823.0
254.602621297,815.0
254.870513658,812.0
255.1383989,813.0
255.40627702,809.0
255.674148017,806.0
255.942011891,816.0
256.209868639,800.0
256.47771826,807.0
256.745560753,810.0
257.013396117,813.0
257.28122435,822.0
257.549045451,826.0
257.816859418,819.0
258.08466625,811.0
258.352465946,811.0
258.620258505,819.0
258.888043924,825.0
259.155822203,820.0
259.423593341,813.0
259.691357335,818.0
259.959114185,820.0
260.226863889,829.0
260.494606445,836.0
260.762341854,831.0
261.030070112,818.0
261.297791219,810.0
261.565505173,818.0
261.833211974,811.0
262.100911619,812.0
262.368604107,811.0
262.636289437,819.0
262.903967608,814.0
263.171638618,802.0
263.439302466,800.0
263.70695915,809.0
263.97460867,800.0
264.242251023,793.0
264.509886208,820.0
264.777514225,809.0
265.045135071,797.0
265.312748745,817.0
265.580355246,820.0
265.847954573,826.0
266.115546724,819.0
266.383131698,825.0
266.650709493,827.0
266.918280108,816.0
267.185843543,803.0
267.453399794,810.0
267.720948861,816.0
267.988490743,820.0
268.256025439,805.0
268.523552946,817.0
268.791073264,811.0
269.058586391,813.0
269.326092326,808.0
269.593591067,824.0
269.861082613,816.0
270.128566963,820.0
270.396044116,806.0
270.663514069,807.0
270.930976822,813.0
271.198432374,811.0
271.465880722,805.0
271.733321866,806.0
272.000755804,808.0
272.268182535,809.0
272.535602057,819.0
272.803014369,824.0
273.07041947,812.0
273.337817359,822.0
273.605208033,814.0
273.872591492,814.0
274.139967734,809.0
274.407336759,830.0
274.674698564,806.0
274.942053148,795.0
275.209400509,812.0
275.476740648,819.0
275.744073561,803.0
276.011399248,810.0
276.278717707,808.0
276.546028938,806.0
276.813332938,815.0
277.080629706,804.0
277.347919242,811.0
277.615201542,814.0
277.882476607,821.0
278.149744435,825.0
278.417005024,820.0
278.684258374,814.0
278.951504482,811.0
279.218743347,807.0
279.485974969,809.0
279.753199345,815.0
280.020416474,820.0
280.287626355,809.0
280.554828987,822.0
280.822024368,817.0
281.089212497,823.0
281.356393372,807.0
281.623566992,807.0
281.890733356,810.0
282.157892463,806.0
282.42504431,811.0
282.692188897,819.0
282.959326223,811.0
283.226456285,819.0
283.493579083,820.0
283.760694615,807.0
284.027802879,804.0
284.294903876,810.0
284.561997602,806.0
284.829084057,810.0
285.096163239,808.0
285.363235148,812.0
285.630299781,811.0
285.897357137,813.0
286.164407215,814.0
286.431450014,814.0
286.698485532,817.0
286.965513768,827.0
287.23253472,815.0
287.499548387,821.0
287.766554768,814.0
288.033553862,806.0
288.300545666,811.0
288.56753018,814.0
288.834507403,817.0
289.101477332,821.0
289.368439966,820.0
289.635395305,812.0
289.902343347,816.0
290.16928409,816.0
290.436217534,816.0
290.703143676,811.0
290.970062515,813.0
291.23697405,820.0
291.50387828,814.0
291.770775204,811.0
292.037664819,817.0
292.304547125,814.0
292.57142212,822.0
292.838289802,811.0
293.105150172,811.0
293.372003226,825.0
293.638848964,820.0
293.905687384,815.0
294.172518486,809.0
294.439342267,806.0
294.706158726,806.0
294.972967862,806.0
295.239769674,823.0
295.50656416,812.0
295.773351318,819.0
296.040131148,817.0
296.306903649,806.0
296.573668818,812.0
296.840426654,805.0
297.107177156,821.0
297.373920323,817.0
297.640656154,815.0
297.907384646,808.0
298.174105798,798.0
298.44081961,821.0
298.70752608,809.0
298.974225206,807.0
299.240916987,827.0
299.507601422,814.0
299.77427851,799.0
300.040948248,798.0
300.307610636,809.0
300.574265672,796.0
300.840913355,821.0
301.107553684,824.0
301.374186657,819.0
301.640812272,811.0
301.90743053,809.0
302.174041427,831.0
302.440644963,822.0
302.707241136,811.0
302.973829945,811.0
303.240411389,812.0
303.506985466,827.0
303.773552176,808.0
304.040111515,813.0
304.306663484,819.0
304.573208081,814.0
304.839745304,816.0
305.106275152,823.0
305.372797624,824.0
305.639312718,811.0
305.905820433,803.0
306.172320768,807.0
306.438813721,808.0
306.705299291,805.0
306.971777477,819.0
307.238248277,817.0
307.504711689,818.0
307.771167714,830.0
308.037616348,807.0
308.304057591,821.0
308.570491441,813.0
308.836917897,817.0
309.103336958,817.0
309.369748622,836.0
309.636152888,820.0
309.902549755,816.0
310.16893922,806.0
310.435321284,813.0
310.701695944,822.0
310.968063199,818.0
311.234423048,820.0
311.500775489,824.0
311.767120521,809.0
312.033458143,806.0
312.299788353,804.0
312.56611115,815.0
312.832426533,836.0
313.0987345,815.0
313.365035049,811.0
313.63132818,811.0
313.897613891,815.0
314.163892181,809.0
314.430163048,797.0
314.696426491,815.0
314.962682509,823.0
315.2289311,829.0
315.495172263,799.0
315.761405997,806.0
316.027632299,814.0
316.29385117,814.0
316.560062607,819.0
316.826266609,822.0
317.092463175,822.0
317.358652303,826.0
317.624833992,820.0
317.891008241,815.0
318.157175048,817.0
318.423334412,814.0
318.689486331,805.0
318.955630805,823.0
319.221767831,830.0
319.487897409,824.0
319.754019537,816.0
320.020134214,808.0
320.286241438,808.0
320.552341208,824.0
320.818433523,814.0
321.084518381,802.0
321.350595781,808.0
321.616665721,823.0
321.882728201,805.0
322.148783218,815.0
322.414830772,810.0
322.680870861,818.0
322.946903484,812.0
323.212928639,800.0
323.478946325,804.0
323.744956541,814.0
324.010959285,812.0
324.276954555,817.0
324.542942352,828.0
324.808922672,811.0
325.074895516,811.0
325.340860881,806.0
325.606818766,812.0
325.872769169,819.0
326.13871209,816.0
326.404647527,817.0
326.670575479,820.0
326.936495944,815.0
327.202408921,815.0
327.468314408,810.0
327.734212404,829.0
328.000102909,815.0
328.26598592,813.0
328.531861435,816.0
328.797729455,812.0
329.063589977,809.0
329.329443,814.0
329.595288523,806.0
329.861126543,804.0
330.126957061,809.0
330.392780075,814.0
330.658595582,805.0
330.924403582,818.0
331.190204074,813.0
331.455997056,817.0
331.721782526,816.0
331.987560484,820.0
332.253330928,811.0
332.519093857,817.0
332.784849269,824.0
333.050597162,825.0
333.316337537,822.0
333.58207039,807.0
333.847795721,815.0
334.113513529,820.0
334.379223812,813.0
334.644926568,808.0
334.910621797,825.0
335.176309497,813.0
335.441989666,820.0
335.707662304,811.0
335.973327409,820.0
336.238984979,836.0
336.504635013,811.0
336.770277511,813.0
337.035912469,811.0
337.301539888,819.0
337.567159765,815.0
337.8327721,804.0
338.098376891,814.0
338.363974136,814.0
338.629563835,808.0
338.895145986,818.0
339.160720587,812.0
339.426287637,813.0
339.691847135,813.0
339.95739908,821.0
340.22294347,820.0
340.488480303,823.0
340.754009579,802.0
341.019531295,817.0
341.285045452,817.0
341.550552047,798.0
341.816051078,793.0
342.081542545,807.0
342.347026446,811.0
342.61250278,828.0
342.877971546,814.0
343.143432742,793.0
343.408886366,807.0
343.674332418,817.0
343.939770895,811.0
344.205201798,811.0
344.470625123,821.0
344.736040871,818.0
345.001449039,811.0
345.266849626,805.0
345.532242631,813.0
345.797628052,822.0
346.063005889,808.0
346.328376139,807.0
346.593738802,818.0
346.859093876,824.0
347.124441359,824.0
347.38978125,812.0
347.655113549,801.0
347.920438253,835.0
348.185755361,820.0
348.451064872,812.0
348.716366784,823.0
348.981661097,814.0
349.246947808,802.0
349.512226917,813.0
349.777498421,819.0
350.04276232,825.0
350.308018613,809.0
350.573267297,822.0
350.838508372,814.0
351.103741836,805.0
351.368967688,804.0
351.634185926,812.0
351.89939655,815.0
352.164599557,820.0
352.429794946,830.0
352.694982717,811.0
352.960162867,809.0
353.225335395,817.0
353.490500301,831.0
353.755657582,805.0
354.020807237,817.0
354.285949264,808.0
354.551083664,810.0
354.816210433,810.0
355.081329571,812.0
355.346441077,811.0
355.611544948,818.0
355.876641184,798.0
356.141729783,808.0
356.406810745,809.0
356.671884066,814.0
356.936949747,809.0
357.202007786,825.0
357.467058181,817.0
357.732100932,813.0
357.997136036,804.0
358.262163492,810.0
358.527183299,820.0
358.792195456,820.0
359.057199961,808.0
359.322196814,813.0
359.587186011,816.0
359.852167553,817.0
360.117141438,806.0
360.382107664,816.0
360.64706623,825.0
360.912017135,833.0
361.176960377,826.0
361.441895956,817.0
361.706823869,820.0
361.971744115,807.0
362.236656693,807.0
362.501561602,819.0
362.766458839,823.0
363.031348405,811.0
363.296230297,820.0
363.561104514,809.0
363.825971055,811.0
364.090829918,810.0
364.355681102,812.0
364.620524606,820.0
364.885360428,814.0
365.150188567,809.0
365.415009022,819.0
365.679821791,816.0
365.944626872,821.0
366.209424265,820.0
366.474213968,815.0
366.73899598,830.0
367.003770299,817.0
367.268536924,824.0
367.533295854,827.0
367.798047087,820.0
368.062790622,813.0
368.327526458,812.0
368.592254592,815.0
368.856975025,821.0
369.121687753,810.0
369.386392777,818.0
369.651090095,829.0
369.915779705,816.0
370.180461606,822.0
370.445135797,816.0
370.709802276,828.0
370.974461042,822.0
371.239112093,816.0
371.503755429,827.0
371.768391047,824.0
372.033018947,829.0
372.297639127,825.0
372.562251585,821.0
372.826856321,819.0
373.091453333,813.0
373.35604262,797.0
373.62062418,805.0
373.885198012,807.0
374.149764114,806.0
374.414322485,822.0
374.678873125,807.0
374.94341603,808.0
375.207951201,810.0
375.472478636,818.0
375.736998333,825.0
376.001510291,809.0
376.266014508,813.0
376.530510984,809.0
376.794999717,810.0
377.059480705,816.0
377.323953947,801.0
377.588419442,819.0
377.852877189,822.0
378.117327186,820.0
378.381769431,825.0
378.646203924,829.0
378.910630663,815.0
379.175049646,803.0
379.439460873,809.0
379.703864342,797.0
379.968260051,805.0
380.232647999,806.0
380.497028185,808.0
380.761400608,811.0
381.025765265,813.0
381.290122157,813.0
381.55447128,808.0
381.818812635,808.0
382.083146219,804.0
382.347472032,816.0
382.611790072,817.0
382.876100337,798.0
383.140402826,824.0
383.404697538,821.0
383.668984471,817.0
383.933263625,808.0
384.197534997,814.0
384.461798587,810.0
384.726054392,814.0
384.990302413,813.0
385.254542646,809.0
385.518775091,809.0
385.782999747,821.0
386.047216613,814.0
386.311425685,814.0
386.575626965,811.0
386.839820449,800.0
387.104006137,800.0
387.368184028,806.0
387.63235412,814.0
387.896516411,829.0
388.1606709,825.0
388.424817586,816.0
388.688956468,815.0
388.953087544,821.0
389.217210813,821.0
389.481326273,815.0
389.745433924,825.0
390.009533763,805.0
390.273625789,809.0
390.537710002,811.0
390.801786399,826.0
391.065854979,822.0
391.329915741,807.0
391.593968684,815.0
391.858013806,800.0
392.122051106,813.0
392.386080582,810.0
392.650102233,817.0
392.914116058,806.0
393.178122056,820.0
393.442120224,809.0
393.706110562,801.0
393.970093068,806.0
394.234067741,809.0
394.49803458,809.0
394.761993583,807.0
395.025944748,803.0
395.289888075,807.0
395.553823562,811.0
395.817751208,816.0
396.081671012,821.0
396.345582971,830.0
396.609487085,819.0
396.873383352,817.0
397.137271771,813.0
397.40115234,819.0
397.665025059,810.0
397.928889926,815.0
398.192746939,812.0
398.456596097,810.0
398.720437398,817.0
398.984270843,814.0
399.248096428,800.0
399.511914152,818.0
399.775724015,820.0
400.039526015,820.0
400.303320151,808.0
400.56710642,816.0
400.830884823,803.0
401.094655357,814.0
401.358418021,820.0
401.622172813,818.0
401.885919733,807.0
402.149658779,819.0
402.41338995,820.0
402.677113244,817.0
402.94082866,808.0
403.204536196,804.0
403.468235852,807.0
403.731927625,807.0
403.995611515,819.0
404.25928752,818.0
404.522955638,824.0
404.786615869,816.0
405.050268211,830.0
405.313912663,807.0
405.577549222,817.0
405.841177889,823.0
406.104798661,821.0
406.368411538,830.0
406.632016517,837.0
406.895613598,818.0
407.159202778,808.0
407.422784058,817.0
407.686357435,806.0
407.949922907,815.0
408.213480475,812.0
408.477030135,811.0
408.740571888,813.0
409.004105731,820.0
409.267631663,810.0
409.531149684,817.0
409.79465979,827.0
410.058161982,818.0
410.321656257,806.0
410.585142615,804.0
410.848621053,806.0
411.112091572,816.0
411.375554168,824.0
411.639008842,818.0
411.902455591,819.0
412.165894414,826.0
412.42932531,818.0
412.692748277,806.0
412.956163315,814.0
413.219570421,805.0
413.482969595,818.0
413.746360834,807.0
414.009744138,815.0
414.273119506,807.0
414.536486935,822.0
414.799846425,821.0
415.063197974,815.0
415.326541581,814.0
415.589877244,813.0
415.853204963,805.0
416.116524735,791.0
416.379836559,804.0
416.643140435,803.0
416.90643636,814.0
417.169724333,818.0
417.433004353,812.0
417.696276419,817.0
417.959540529,817.0
418.222796682,822.0
418.486044876,811.0
418.74928511,802.0
419.012517383,806.0
419.275741694,820.0
419.53895804,808.0
419.802166421,815.0
420.065366835,821.0
420.328559281,810.0
420.591743758,805.0
420.854920264,808.0
421.118088797,818.0
421.381249357,820.0
421.644401943,811.0
421.907546551,809.0
422.170683183,813.0
422.433811835,804.0
422.696932507,793.0
422.960045197,804.0
423.223149904,815.0
423.486246626,814.0
423.749335363,823.0
424.012416113,818.0
424.275488874,817.0
424.538553645,820.0
424.801610424,806.0
425.064659211,813.0
425.327700004,809.0
425.590732802,797.0
425.853757603,816.0
426.116774406,809.0
426.379783209,816.0
426.642784012,822.0
426.905776812,820.0
427.168761609,819.0
427.431738401,828.0
427.694707187,815.0
427.957667965,813.0
428.220620734,813.0
428.483565492,815.0
428.746502239,820.0
429.009430973,822.0
429.272351692,817.0
429.535264395,800.0
429.798169082,802.0
430.061065749,823.0
430.323954397,823.0
430.586835024,815.0
430.849707628,810.0
431.112572207,802.0
431.375428762,807.0
431.638277289,823.0
431.901117789,818.0
432.163950259,802.0
432.426774699,809.0
432.689591106,809.0
432.952399479,811.0
433.215199818,806.0
433.47799212,819.0
433.740776385,810.0
434.003552611,805.0
434.266320796,813.0
434.52908094,808.0
434.79183304,820.0
435.054577096,818.0
435.317313106,817.0
435.580041069,820.0
435.842760984,821.0
436.105472848,805.0
436.368176661,818.0
436.630872422,820.0
436.893560128,825.0
437.15623978,812.0
437.418911374,813.0
437.68157491,821.0
437.944230387,822.0
438.206877803,817.0
438.469517157,822.0
438.732148447,817.0
438.994771673,817.0
439.257386832,825.0
439.519993923,814.0
439.782592946,807.0
440.045183898,810.0
440.307766778,822.0
440.570341585,821.0
440.832908318,815.0
441.095466975,815.0
441.358017555,816.0
441.620560056,810.0
441.883094477,813.0
442.145620817,806.0
442.408139074,804.0
442.670649248,815.0
442.933151335,812.0
443.195645337,812.0
443.45813125,804.0
443.720609073,800.0
443.983078806,818.0
444.245540447,817.0
444.507993994,815.0
444.770439446,813.0
445.032876802,828.0
445.29530606,817.0
445.557727219,814.0
445.820140278,818.0
446.082545235,820.0
446.344942089,815.0
446.607330838,822.0
446.869711482,826.0
447.132084018,809.0
447.394448446,812.0
447.656804764,816.0
447.91915297,829.0
448.181493064,822.0
448.443825044,814.0
448.706148909,812.0
448.968464657,810.0
449.230772287,799.0
449.493071797,825.0
449.755363187,807.0
450.017646454,796.0
450.279921598,807.0
450.542188616,819.0
450.804447509,806.0
451.066698274,818.0
451.32894091,818.0
451.591175415,807.0
451.853401789,814.0
452.115620029,821.0
452.377830136,814.0
452.640032106,801.0
452.902225939,815.0
453.164411634,831.0
453.426589188,820.0
453.688758602,817.0
453.950919872,819.0
454.213072999,819.0
454.47521798,824.0
454.737354815,824.0
454.999483501,815.0
455.261604038,805.0
455.523716425,810.0
455.785820659,814.0
456.047916739,808.0
456.310004665,811.0
456.572084434,815.0
456.834156045,823.0
457.096219498,814.0
457.35827479,812.0
457.62032192,823.0
457.882360888,816.0
458.144391691,801.0
458.406414328,806.0
458.668428797,824.0
458.930435099,811.0
459.19243323,821.0
459.45442319,815.0
459.716404978,822.0
459.978378591,823.0
460.240344029,818.0
460.50230129,808.0
460.764250373,806.0
461.026191277,816.0
461.288124,819.0
461.550048541,832.0
461.811964898,826.0
462.07387307,826.0
462.335773056,816.0
462.597664854,823.0
462.859548463,821.0
463.121423882,824.0
463.383291109,825.0
463.645150143,814.0
463.907000983,820.0
464.168843627,817.0
464.430678073,815.0
464.692504321,813.0
464.954322369,808.0
465.216132216,817.0
465.47793386,808.0
465.7397273,815.0
466.001512535,810.0
466.263289563,816.0
466.525058383,817.0
466.786818993,824.0
467.048571393,808.0
467.31031558,812.0
467.572051554,812.0
467.833779313,816.0
468.095498855,841.0
468.35721018,827.0
468.618913286,808.0
468.880608172,809.0
469.142294835,809.0
469.403973276,820.0
469.665643492,813.0
469.927305483,822.0
470.188959246,815.0
470.45060478,810.0
470.712242085,801.0
470.973871159,819.0
471.235491999,820.0
471.497104606,835.0
471.758708978,820.0
472.020305112,817.0
472.281893009,813.0
472.543472666,810.0
472.805044082,813.0
473.066607256,810.0
473.328162186,814.0
473.589708872,826.0
473.851247311,817.0
474.112777503,820.0
474.374299446,819.0
474.635813138,825.0
474.897318578,810.0
475.158815766,844.0
475.420304698,822.0
475.681785376,816.0
475.943257795,809.0
476.204721957,818.0
476.466177858,813.0
476.727625498,825.0
476.989064876,830.0
477.250495989,829.0
477.511918837,811.0
477.773333418,824.0
478.034739732,809.0
478.296137775,819.0
478.557527548,819.0
478.818909049,812.0
479.080282276,824.0
479.341647228,818.0
479.603003904,823.0
479.864352302,824.0
480.125692422,819.0
480.387024261,824.0
480.648347818,808.0
480.909663092,822.0
481.170970081,822.0
481.432268785,814.0
481.693559201,822.0
481.954841329,832.0
482.216115167,821.0
482.477380714,826.0
482.738637968,819.0
482.999886928,808.0
483.261127593,802.0
483.522359961,814.0
483.783584031,818.0
484.044799801,816.0
484.306007271,806.0
484.567206438,818.0
484.828397302,829.0
485.089579861,822.0
485.350754113,817.0
485.611920058,821.0
485.873077694,821.0
486.13422702,838.0
486.395368034,845.0
486.656500734,842.0
486.91762512,830.0
487.178741191,822.0
487.439848944,829.0
487.700948379,821.0
487.962039493,824.0
488.223122287,824.0
488.484196757,819.0
488.745262904,831.0
489.006320726,822.0
489.26737022,824.0
489.528411387,826.0
489.789444224,823.0
490.05046873,827.0
490.311484904,834.0
490.572492744,819.0
490.83349225,827.0
491.094483419,820.0
491.355466251,805.0
491.616440743,820.0
491.877406895,831.0
492.138364706,827.0
492.399314173,821.0
492.660255296,820.0
492.921188073,825.0
493.182112503,820.0
493.443028584,830.0
493.703936315,821.0
493.964835695,814.0
494.225726723,818.0
494.486609396,818.0
494.747483714,807.0
495.008349675,829.0
495.269207278,830.0
495.530056522,825.0
495.790897405,819.0
496.051729926,835.0
496.312554083,828.0
496.573369875,811.0
496.834177301,812.0
497.094976359,819.0
497.355767048,839.0
497.616549367,844.0
497.877323314,837.0
498.138088888,829.0
498.398846087,808.0
498.659594911,808.0
498.920335357,815.0
499.181067425,822.0
499.441791113,827.0
499.70250642,820.0
499.963213344,826.0
500.223911884,829.0
500.484602038,826.0
500.745283806,824.0
501.005957186,825.0
501.266622176,827.0
501.527278776,818.0
501.787926983,819.0
502.048566797,825.0
502.309198216,826.0
502.569821238,813.0
502.830435863,831.0
503.091042089,814.0
503.351639914,822.0
503.612229338,821.0
503.872810358,821.0
504.133382974,816.0
504.393947185,838.0
504.654502988,837.0
504.915050382,815.0
505.175589367,812.0
505.43611994,826.0
505.696642101,812.0
505.957155847,800.0
506.217661179,798.0
506.478158093,809.0
506.73864659,814.0
506.999126666,806.0
507.259598323,816.0
507.520061556,823.0
507.780516367,828.0
508.040962752,813.0
508.301400711,820.0
508.561830243,810.0
508.822251345,802.0
509.082664017,814.0
509.343068257,825.0
509.603464065,825.0
509.863851437,832.0
510.124230374,815.0
510.384600874,815.0
510.644962935,831.0
510.905316556,823.0
511.165661736,812.0
511.425998473,826.0
511.686326766,820.0
511.946646614,830.0
512.206958015,830.0
512.467260968,816.0
512.727555472,811.0
512.987841525,809.0
513.248119125,816.0
513.508388272,808.0
513.768648964,824.0
514.0289012,822.0
514.289144978,820.0
514.549380297,819.0
514.809607155,819.0
515.069825552,819.0
515.330035486,813.0
515.590236955,823.0
515.850429959,831.0
516.110614495,830.0
516.370790563,826.0
516.630958161,818.0
516.891117287,839.0
517.151267941,829.0
517.411410121,830.0
517.671543825,832.0
517.931669053,826.0
518.191785803,821.0
518.451894073,823.0
518.711993862,813.0
518.972085169,807.0
519.232167993,824.0
519.492242331,819.0
519.752308183,819.0
520.012365548,833.0
520.272414424,815.0
520.532454809,835.0
520.792486702,811.0
521.052510103,814.0
521.312525009,818.0
521.572531419,827.0
521.832529332,824.0
522.092518746,830.0
522.35249966,840.0
522.612472073,834.0
522.872435984,821.0
523.13239139,820.0
523.392338291,828.0
523.652276686,831.0
523.912206572,844.0
524.172127948,835.0
524.432040814,821.0
524.691945168,828.0
524.951841008,812.0
525.211728333,827.0
525.471607142,818.0
525.731477433,820.0
525.991339206,825.0
526.251192457,820.0
526.511037187,830.0
526.770873394,838.0
527.030701077,834.0
527.290520234,827.0
527.550330863,834.0
527.810132964,826.0
528.069926535,822.0
528.329711575,831.0
528.589488082,821.0
528.849256055,830.0
529.109015492,840.0
529.368766393,820.0
529.628508756,814.0
529.888242579,824.0
530.147967862,840.0
530.407684602,834.0
530.667392798,824.0
530.92709245,826.0
531.186783556,834.0
531.446466114,826.0
531.706140122,837.0
531.965805581,841.0
532.225462487,822.0
532.485110841,822.0
532.74475064,833.0
533.004381883,828.0
533.264004569,836.0
533.523618697,828.0
533.783224264,819.0
534.04282127,814.0
534.302409714,832.0
534.561989594,840.0
534.821560908,831.0
535.081123655,828.0
535.340677835,825.0
535.600223444,840.0
535.859760483,838.0
536.11928895,824.0
536.378808843,841.0
536.638320162,830.0
536.897822904,828.0
537.157317068,828.0
537.416802654,826.0
537.676279659,839.0
537.935748082,842.0
538.195207922,851.0
538.454659177,849.0
538.714101847,846.0
538.97353593,846.0
539.232961424,856.0
539.492378328,857.0
539.751786641,853.0
540.011186361,843.0
540.270577487,856.0
540.529960018,866.0
540.789333952,863.0
541.048699288,859.0
541.308056024,854.0
541.56740416,860.0
541.826743693,857.0
542.086074623,860.0
542.345396948,856.0
542.604710666,848.0
542.864015777,853.0
543.123312279,851.0
543.382600171,861.0
543.64187945,870.0
543.901150117,867.0
544.160412169,882.0
544.419665606,878.0
544.678910425,877.0
544.938146625,877.0
545.197374206,864.0
545.456593165,874.0
545.715803502,875.0
545.975005215,859.0
546.234198302,874.0
546.493382763,882.0
546.752558595,874.0
547.011725798,876.0
547.27088437,879.0
547.53003431,875.0
547.789175616,868.0
548.048308288,864.0
548.307432323,865.0
548.566547721,875.0
548.825654479,867.0
549.084752597,864.0
549.343842073,868.0
549.602922907,863.0
549.861995095,857.0
550.121058638,854.0
550.380113534,856.0
550.639159781,851.0
550.898197378,861.0
551.157226324,851.0
551.416246617,841.0
551.675258257,837.0
551.93426124,851.0
552.193255568,847.0
552.452241236,836.0
552.711218246,840.0
552.970186595,835.0
553.229146281,838.0
553.488097304,830.0
553.747039662,837.0
554.005973354,842.0
554.264898378,851.0
554.523814733,837.0
554.782722417,840.0
555.04162143,848.0
555.30051177,829.0
555.559393435,828.0
555.818266425,817.0
556.077130737,824.0
556.33598637,839.0
556.594833324,825.0
556.853671597,828.0
557.112501186,828.0
557.371322092,827.0
557.630134313,816.0
557.888937846,828.0
558.147732692,829.0
558.406518848,831.0
558.665296313,826.0
558.924065086,827.0
559.182825165,817.0
559.44157655,828.0
559.700319238,826.0
559.959053229,822.0
560.21777852,828.0
560.476495111,833.0
560.735203001,822.0
560.993902187,825.0
561.252592669,824.0
561.511274445,837.0
561.769947513,824.0
562.028611874,835.0
562.287267524,835.0
562.545914463,835.0
562.804552689,822.0
563.063182201,833.0
563.321802998,821.0
563.580415078,826.0
563.839018441,828.0
564.097613083,818.0
564.356199005,810.0
564.614776204,825.0
564.87334468,835.0
565.131904431,841.0
565.390455456,821.0
565.648997753,818.0
565.907531321,813.0
566.166056159,829.0
566.424572265,830.0
566.683079637,834.0
566.941578276,819.0
567.200068178,822.0
567.458549344,819.0
567.71702177,821.0
567.975485457,827.0
568.233940402,823.0
568.492386605,821.0
568.750824064,822.0
569.009252778,819.0
569.267672744,824.0
569.526083963,818.0
569.784486432,828.0
570.04288015,836.0
570.301265116,831.0
570.559641329,815.0
570.818008786,815.0
571.076367487,810.0
571.334717431,804.0
571.593058615,822.0
571.85139104,838.0
572.109714702,826.0
572.368029601,819.0
572.626335736,825.0
572.884633105,813.0
573.142921707,819.0
573.40120154,825.0
573.659472603,823.0
573.917734895,824.0
574.175988415,825.0
574.43423316,836.0
574.69246913,825.0
574.950696323,834.0
575.208914738,838.0
575.467124374,831.0
575.725325228,827.0
575.983517301,826.0
576.24170059,829.0
576.499875094,830.0
576.758040812,833.0
577.016197742,824.0
577.274345883,828.0
577.532485233,834.0
577.790615792,831.0
578.048737558,834.0
578.306850529,841.0
578.564954705,830.0
578.823050083,829.0
579.081136663,829.0
579.339214443,834.0
579.597283421,847.0
579.855343597,827.0
580.113394969,826.0
580.371437535,828.0
580.629471295,838.0
580.887496246,831.0
581.145512389,834.0
581.40351972,850.0
581.661518239,842.0
581.919507944,839.0
582.177488835,836.0
582.435460909,842.0
582.693424166,843.0
582.951378603,829.0
583.20932422,839.0
583.467261016,829.0
583.725188988,835.0
583.983108136,847.0
584.241018458,851.0
584.498919952,847.0
584.756812619,843.0
585.014696455,832.0
585.27257146,823.0
585.530437632,839.0
585.788294971,852.0
586.046143473,857.0
586.30398314,847.0
586.561813968,849.0
586.819635956,848.0
587.077449104,843.0
587.335253409,854.0
587.593048871,851.0
587.850835488,855.0
588.108613259,843.0
588.366382182,853.0
588.624142256,849.0
588.88189348,862.0
589.139635852,853.0
589.39736937,855.0
589.655094035,842.0
589.912809843,837.0
590.170516794,845.0
590.428214887,845.0
590.68590412,854.0
590.943584491,843.0
591.201256,857.0
591.458918645,869.0
591.716572424,851.0
591.974217337,853.0
592.231853381,852.0
592.489480556,845.0
592.74709886,840.0
593.004708292,858.0
593.262308851,849.0
593.519900534,858.0
593.777483342,843.0
594.035057271,849.0
594.292622322,848.0
594.550178492,868.0
594.80772578,858.0
595.065264185,857.0
595.322793706,858.0
595.580314341,857.0
595.837826089,850.0
596.095328948,856.0
596.352822917,859.0
596.610307995,852.0
596.86778418,851.0
597.125251471,859.0
597.382709867,861.0
597.640159366,860.0
597.897599967,857.0
598.155031669,852.0
598.412454469,870.0
598.669868368,860.0
598.927273363,851.0
599.184669453,850.0
599.442056636,847.0
599.699434912,846.0
599.956804279,849.0
600.214164736,857.0
600.471516281,852.0
600.728858912,849.0
600.98619263,847.0
601.243517431,858.0
601.500833315,862.0
601.758140281,872.0
602.015438326,861.0
602.272727451,865.0
602.530007652,866.0
602.78727893,858.0
603.044541282,865.0
603.301794708,869.0
603.559039205,876.0
603.816274773,867.0
604.07350141,866.0
604.330719115,867.0
604.587927887,866.0
604.845127723,870.0
605.102318623,885.0
605.359500586,877.0
605.616673609,866.0
605.873837692,884.0
606.130992833,887.0
606.388139032,885.0
606.645276285,883.0
606.902404593,876.0
607.159523954,880.0
607.416634366,900.0
607.673735828,878.0
607.930828339,893.0
608.187911897,896.0
608.444986501,900.0
608.70205215,902.0
608.959108842,910.0
609.216156576,901.0
609.47319535,921.0
609.730225163,935.0
609.987246015,945.0
610.244257903,946.0
610.501260825,948.0
610.758254782,944.0
611.015239771,954.0
611.272215791,954.0
611.52918284,965.0
611.786140918,981.0
612.043090022,980.0
612.300030153,965.0
612.556961307,979.0
612.813883484,966.0
613.070796682,984.0
613.327700901,987.0
613.584596138,965.0
613.841482393,982.0
614.098359663,965.0
614.355227949,975.0
614.612087247,978.0
614.868937557,976.0
615.125778878,979.0
615.382611208,978.0
615.639434546,962.0
615.89624889,977.0
616.153054239,985.0
616.409850592,989.0
616.666637948,991.0
616.923416304,1000.0
617.18018566,996.0
617.436946014,1005.0
617.693697365,1006.0
617.950439712,1005.0
618.207173052,1009.0
618.463897386,1007.0
618.720612711,1024.0
618.977319026,1016.0
619.234016329,1018.0
619.49070462,1030.0
619.747383897,1046.0
620.004054159,1041.0
620.260715404,1054.0
620.517367631,1054.0
620.774010838,1054.0
621.030645024,1071.0
621.287270189,1053.0
621.543886329,1072.0
621.800493445,1083.0
622.057091534,1090.0
622.313680596,1094.0
622.570260629,1080.0
622.826831631,1101.0
623.083393602,1108.0
623.339946539,1119.0
623.596490442,1123.0
623.853025309,1139.0
624.109551139,1143.0
624.36606793,1168.0
624.622575682,1170.0
624.879074392,1169.0
625.135564059,1178.0
625.392044683,1187.0
625.648516261,1179.0
625.904978792,1186.0
626.161432275,1203.0
626.417876709,1205.0
626.674312092,1226.0
626.930738422,1238.0
627.187155699,1238.0
627.443563922,1244.0
627.699963087,1257.0
627.956353196,1262.0
628.212734245,1263.0
628.469106233,1275.0
628.72546916,1285.0
628.981823024,1327.0
629.238167824,1290.0
629.494503557,1318.0
629.750830223,1349.0
630.007147821,1333.0
630.263456349,1340.0
630.519755806,1359.0
630.776046189,1370.0
631.032327499,1383.0
631.288599734,1404.0
631.544862891,1404.0
631.801116971,1428.0
632.057361971,1415.0
632.31359789,1408.0
632.569824727,1388.0
632.826042481,1395.0
633.082251149,1389.0
633.338450732,1387.0
633.594641226,1408.0
633.850822632,1403.0
634.106994947,1412.0
634.36315817,1396.0
634.6193123,1364.0
634.875457336,1345.0
635.131593276,1350.0
635.387720119,1343.0
635.643837863,1328.0
635.899946507,1332.0
636.15604605,1323.0
636.41213649,1308.0
636.668217827,1292.0
636.924290058,1274.0
637.180353182,1267.0
637.436407198,1263.0
637.692452104,1257.0
637.9484879,1224.0
638.204514583,1208.0
638.460532153,1193.0
638.716540608,1176.0
638.972539947,1170.0
639.228530167,1156.0
639.484511269,1145.0
639.740483251,1107.0
639.996446111,1101.0
640.252399847,1093.0
640.50834446,1098.0
640.764279946,1088.0
641.020206305,1081.0
641.276123536,1063.0
641.532031636,1042.0
641.787930605,1037.0
642.043820442,1030.0
642.299701145,1026.0
642.555572712,1012.0
642.811435142,993.0
643.067288435,995.0
643.323132588,1005.0
643.5789676,995.0
643.83479347,991.0
644.090610196,973.0
644.346417777,960.0
644.602216212,970.0
644.858005499,967.0
645.113785638,950.0
645.369556626,958.0
645.625318462,949.0
645.881071145,945.0
646.136814673,928.0
646.392549046,926.0
646.648274262,916.0
646.903990319,922.0
647.159697216,921.0
647.415394951,908.0
647.671083524,906.0
647.926762933,904.0
648.182433177,888.0
648.438094254,883.0
648.693746163,887.0
648.949388902,897.0
649.20502247,906.0
649.460646866,901.0
649.716262089,890.0
649.971868137,891.0
650.227465008,881.0
650.483052702,884.0
650.738631217,882.0
650.994200551,891.0
651.249760703,896.0
651.505311673,896.0
651.760853458,884.0
652.016386057,877.0
652.271909469,868.0
652.527423692,870.0
652.782928725,858.0
653.038424567,871.0
653.293911217,866.0
653.549388672,875.0
653.804856932,868.0
654.060315995,860.0
654.315765861,873.0
654.571206526,860.0
654.826637991,869.0
655.082060254,868.0
655.337473312,861.0
655.592877167,853.0
655.848271814,844.0
656.103657254,858.0
656.359033485,854.0
656.614400506,861.0
656.869758315,843.0
657.125106911,845.0
657.380446292,851.0
657.635776458,842.0
657.891097406,849.0
658.146409135,857.0
658.401711645,856.0
658.657004934,856.0
658.912288999,858.0
659.167563841,846.0
659.422829458,852.0
659.678085847,850.0
659.933333009,852.0
660.188570941,843.0
660.443799642,838.0
660.699019111,855.0
660.954229346,849.0
661.209430346,841.0
661.46462211,848.0
661.719804637,847.0
661.974977924,850.0
662.230141971,845.0
662.485296777,836.0
662.740442339,844.0
662.995578656,842.0
663.250705728,844.0
663.505823553,845.0
663.760932129,847.0
664.016031455,846.0
664.27112153,845.0
664.526202352,837.0
664.78127392,825.0
665.036336233,828.0
665.291389289,828.0
665.546433086,836.0
665.801467625,841.0
666.056492902,833.0
666.311508918,832.0
666.566515669,835.0
666.821513156,832.0
667.076501376,834.0
667.331480329,840.0
667.586450013,834.0
667.841410426,846.0
668.096361568,832.0
668.351303436,828.0
668.606236031,826.0
668.861159349,837.0
669.11607339,828.0
669.370978152,839.0
669.625873634,826.0
669.880759836,836.0
670.135636754,837.0
670.390504388,837.0
670.645362737,815.0
670.9002118,839.0
671.155051574,848.0
671.409882059,833.0
671.664703252,829.0
671.919515154,823.0
672.174317762,824.0
672.429111075,826.0
672.683895092,827.0
672.938669811,829.0
673.193435231,838.0
673.448191351,838.0
673.702938169,836.0
673.957675684,839.0
674.212403894,831.0
674.467122799,838.0
674.721832396,841.0
674.976532685,834.0
675.231223663,831.0
675.485905331,832.0
675.740577686,833.0
675.995240726,839.0
676.249894452,838.0
676.50453886,839.0
676.759173951,837.0
677.013799722,826.0
677.268416172,828.0
677.5230233,830.0
677.777621104,833.0
678.032209584,834.0
678.286788737,830.0
678.541358562,837.0
678.795919059,829.0
679.050470225,840.0
679.305012059,829.0
679.55954456,830.0
679.814067727,820.0
680.068581558,830.0
680.323086051,836.0
680.577581206,838.0
680.832067022,843.0
681.086543495,844.0
681.341010626,834.0
681.595468414,830.0
681.849916855,828.0
682.10435595,833.0
682.358785697,827.0
682.613206094,834.0
682.867617141,845.0
683.122018835,833.0
683.376411176,826.0
683.630794161,825.0
683.885167791,827.0
684.139532063,827.0
684.393886975,824.0
684.648232528,835.0
684.902568718,839.0
685.156895546,837.0
685.411213009,821.0
685.665521106,833.0
685.919819836,839.0
686.174109197,828.0
686.428389189,822.0
686.682659809,821.0
686.936921056,832.0
687.19117293,824.0
687.445415428,828.0
687.699648549,841.0
687.953872292,820.0
688.208086656,818.0
688.462291639,826.0
688.716487239,829.0
688.970673456,832.0
689.224850288,825.0
689.479017734,836.0
689.733175792,816.0
689.987324461,817.0
690.24146374,822.0
690.495593627,829.0
690.74971412,832.0
691.00382522,836.0
691.257926923,837.0
691.512019229,827.0
691.766102137,828.0
692.020175645,824.0
692.274239751,824.0
692.528294455,823.0
692.782339755,823.0
693.036375649,827.0
693.290402137,827.0
693.544419216,826.0
693.798426886,833.0
694.052425145,833.0
694.306413992,822.0
694.560393425,823.0
694.814363444,813.0
695.068324046,832.0
695.32227523,821.0
695.576216995,818.0
695.83014934,821.0
696.084072264,816.0
696.337985764,830.0
696.591889839,826.0
696.845784489,816.0
697.099669712,822.0
697.353545506,828.0
697.60741187,821.0
697.861268802,821.0
698.115116302,826.0
698.368954368,824.0
698.622782999,830.0
698.876602193,833.0
699.130411948,824.0
699.384212265,846.0
699.63800314,831.0
699.891784573,829.0
700.145556563,831.0
700.399319108,830.0
700.653072206,820.0
700.906815857,828.0
701.160550058,821.0
701.41427481,822.0
701.667990109,819.0
701.921695955,822.0
702.175392347,815.0
702.429079283,815.0
702.682756762,825.0
702.936424782,829.0
703.190083343,822.0
703.443732442,829.0
703.697372078,836.0
703.95100225,845.0
704.204622957,839.0
704.458234197,829.0
704.711835969,826.0
704.965428272,828.0
705.219011104,829.0
705.472584463,829.0
705.726148349,833.0
705.97970276,833.0
706.233247694,827.0
706.486783151,833.0
706.740309129,828.0
706.993825627,840.0
707.247332643,821.0
707.500830175,828.0
707.754318224,838.0
708.007796786,830.0
708.261265861,827.0
708.514725447,821.0
708.768175544,817.0
709.021616149,826.0
709.275047262,831.0
709.528468881,826.0
709.781881004,830.0
710.03528363,830.0
710.288676758,830.0
710.542060387,828.0
710.795434515,831.0
711.048799141,810.0
711.302154263,831.0
711.55549988,841.0
711.808835991,834.0
712.062162594,829.0
712.315479689,824.0
712.568787272,837.0
712.822085344,832.0
713.075373903,833.0
713.328652948,834.0
713.581922476,820.0
713.835182488,842.0
714.088432981,834.0
714.341673953,820.0
714.594905405,821.0
714.848127334,822.0
715.101339739,822.0
715.354542618,835.0
715.607735971,819.0
715.860919795,814.0
716.11409409,822.0
716.367258855,817.0
716.620414087,823.0
716.873559785,812.0
717.126695949,822.0
717.379822576,829.0
717.632939665,813.0
717.886047216,827.0
718.139145226,835.0
718.392233694,832.0
718.645312619,833.0
718.898382,817.0
719.151441835,822.0
719.404492122,824.0
719.657532862,821.0
719.910564051,820.0
720.163585688,816.0
720.416597774,829.0
720.669600305,836.0
720.92259328,824.0
721.175576699,820.0
721.42855056,827.0
721.681514861,827.0
721.934469602,817.0
722.18741478,818.0
722.440350395,839.0
722.693276445,832.0
722.946192928,824.0
723.199099844,824.0
723.451997191,817.0
723.704884967,822.0
723.957763171,819.0
724.210631803,818.0
724.46349086,814.0
724.716340341,825.0
724.969180245,820.0
725.22201057,822.0
725.474831315,820.0
725.727642479,810.0
725.980444061,818.0
726.233236058,829.0
726.48601847,823.0
726.738791295,826.0
726.991554532,824.0
727.24430818,827.0
727.497052237,832.0
727.749786701,826.0
728.002511572,816.0
728.255226848,817.0
728.507932528,813.0
728.76062861,826.0
729.013315093,829.0
729.265991975,824.0
729.518659256,828.0
729.771316934,811.0
730.023965007,818.0
730.276603474,828.0
730.529232334,808.0
730.781851586,810.0
731.034461228,819.0
731.287061258,818.0
731.539651676,822.0
731.792232479,826.0
732.044803667,828.0
732.297365239,826.0
732.549917192,822.0
732.802459526,832.0
733.054992239,823.0
733.30751533,828.0
733.560028797,822.0
733.812532639,815.0
734.065026855,802.0
734.317511443,808.0
734.569986402,813.0
734.822451731,830.0
735.074907428,808.0
735.327353492,825.0
735.579789921,805.0
735.832216715,819.0
736.084633871,809.0
736.337041389,810.0
736.589439267,821.0
736.841827503,833.0
737.094206097,813.0
737.346575047,818.0
737.598934352,829.0
737.851284009,830.0
738.103624019,822.0
738.355954379,813.0
738.608275088,825.0
738.860586145,833.0
739.112887548,819.0
739.365179297,823.0
739.617461389,818.0
739.869733823,815.0
740.121996599,809.0
740.374249714,803.0
740.626493167,828.0
740.878726957,819.0
741.130951083,818.0
741.383165543,820.0
741.635370335,817.0
741.887565459,826.0
742.139750913,814.0
742.391926696,816.0
742.644092806,810.0
742.896249242,804.0
743.148396003,813.0
743.400533087,822.0
743.652660492,819.0
743.904778219,808.0
744.156886264,827.0
744.408984627,809.0
744.661073307,810.0
744.913152301,811.0
745.16522161,797.0
745.41728123,804.0
745.669331162,814.0
745.921371403,824.0
746.173401953,812.0
746.425422809,816.0
746.677433971,813.0
746.929435437,807.0
747.181427206,820.0
747.433409276,824.0
747.685381646,816.0
747.937344315,814.0
748.189297282,813.0
748.441240544,813.0
748.693174101,814.0
748.945097951,822.0
749.197012093,822.0
749.448916525,822.0
749.700811247,810.0
749.952696256,812.0
750.204571552,816.0
750.456437133,821.0
750.708292997,817.0
750.960139144,817.0
751.211975572,812.0
751.46380228,811.0
751.715619265,816.0
751.967426528,822.0
752.219224066,822.0
752.471011878,807.0
752.722789963,822.0
752.974558319,817.0
753.226316946,805.0
753.478065841,814.0
753.729805004,806.0
753.981534432,812.0
754.233254125,818.0
754.484964081,820.0
754.736664299,816.0
754.988354778,821.0
755.240035516,813.0
755.491706512,798.0
755.743367764,806.0
755.995019271,820.0
756.246661031,820.0
756.498293044,813.0
756.749915309,812.0
757.001527822,810.0
757.253130584,817.0
757.504723593,820.0
757.756306847,815.0
758.007880345,816.0
758.259444087,811.0
758.510998069,819.0
758.762542292,824.0
759.014076753,818.0
759.265601452,822.0
759.517116387,803.0
759.768621556,822.0
760.020116958,833.0
760.271602593,825.0
760.523078457,816.0
760.774544551,801.0
761.026000873,805.0
761.277447421,804.0
761.528884195,811.0
761.780311192,818.0
762.031728411,819.0
762.283135851,810.0
762.534533511,809.0
762.785921389,809.0
763.037299484,812.0
763.288667794,805.0
763.540026319,806.0
763.791375056,813.0
764.042714005,814.0
764.294043164,813.0
764.545362531,812.0
764.796672106,806.0
765.047971887,818.0
765.299261873,805.0
765.550542061,805.0
765.801812452,820.0
766.053073043,815.0
766.304323833,815.0
766.555564821,817.0
766.806796005,820.0
767.058017385,821.0
767.309228958,816.0
767.560430723,813.0
767.81162268,813.0
768.062804826,814.0
768.31397716,809.0
768.565139681,812.0
768.816292388,806.0
769.067435278,812.0
769.318568352,812.0
769.569691607,803.0
769.820805042,816.0
770.071908656,811.0
770.323002447,821.0
770.574086414,821.0
770.825160555,815.0
771.07622487,816.0
771.327279357,817.0
771.578324014,815.0
771.82935884,816.0
772.080383834,804.0
772.331398995,798.0
772.582404321,812.0
772.83339981,824.0
773.084385462,816.0
773.335361274,812.0
773.586327246,812.0
773.837283377,816.0
774.088229664,805.0
774.339166107,799.0
774.590092704,814.0
774.841009453,809.0
775.091916355,817.0
775.342813406,813.0
775.593700606,823.0
775.844577953,817.0
776.095445446,830.0
776.346303084,822.0
776.597150865,812.0
776.847988788,816.0
777.098816851,819.0
777.349635053,816.0
777.600443394,822.0
777.85124187,811.0
778.102030482,815.0
778.352809228,808.0
778.603578105,818.0
778.854337114,829.0
779.105086252,820.0
779.355825519,796.0
779.606554912,825.0
779.857274431,821.0
780.107984074,807.0
780.35868384,814.0
780.609373728,808.0
780.860053735,801.0
781.110723861,791.0
781.361384104,802.0
781.612034464,812.0
781.862674938,803.0
782.113305525,823.0
782.363926224,825.0
782.614537033,821.0
782.865137952,819.0
783.115728978,817.0
783.366310111,810.0
783.616881349,824.0
783.867442691,814.0
784.117994135,828.0
784.368535679,813.0
784.619067324,815.0
784.869589067,812.0
785.120100906,811.0
785.370602841,815.0
785.621094871,817.0
785.871576993,817.0
786.122049206,813.0
786.372511509,813.0
786.622963902,819.0
786.873406381,802.0
787.123838947,828.0
787.374261597,807.0
787.62467433,812.0
787.875077145,815.0
788.125470041,810.0
788.375853015,808.0
788.626226068,818.0
788.876589197,808.0
789.126942401,805.0
789.377285679,805.0
789.627619029,808.0
789.87794245,810.0
790.128255941,818.0
790.378559499,802.0
790.628853125,814.0
790.879136816,818.0
791.129410572,817.0
791.37967439,809.0
791.629928269,801.0
791.880172209,813.0
792.130406207,820.0
792.380630263,806.0
792.630844375,813.0
792.881048541,812.0
793.13124276,800.0
793.381427031,795.0
793.631601353,797.0
793.881765724,811.0
794.131920143,804.0
794.382064608,804.0
794.632199118,818.0
794.882323672,805.0
795.132438268,802.0
795.382542905,809.0
795.632637582,813.0
795.882722297,821.0
796.132797049,824.0
796.382861836,807.0
796.632916658,805.0
796.882961512,819.0
797.132996398,804.0
797.383021314,806.0
797.633036258,824.0
797.88304123,809.0
798.133036227,808.0
798.38302125,800.0
798.632996295,808.0
798.882961363,814.0
799.132916451,813.0
799.382861558,814.0
799.632796682,814.0
799.882721824,818.0
800.13263698,804.0
800.38254215,806.0
800.632437332,801.0
800.882322526,819.0
801.132197728,813.0
801.38206294,813.0
801.631918158,807.0
801.881763381,816.0
802.131598609,812.0
802.381423839,805.0
802.631239071,804.0
802.881044303,809.0
803.130839533,817.0
803.380624761,828.0
803.630399985,821.0
803.880165203,815.0
804.129920415,805.0
804.379665618,812.0
804.629400813,820.0
804.879125996,813.0
805.128841167,821.0
805.378546324,818.0
805.628241466,813.0
805.877926593,819.0
806.127601701,801.0
806.37726679,803.0
806.626921859,807.0
806.876566906,819.0
807.126201931,820.0
807.37582693,815.0
807.625441904,813.0
807.87504685,819.0
808.124641768,821.0
808.374226656,828.0
808.623801513,816.0
808.873366337,818.0
809.122921127,814.0
809.372465881,809.0
809.622000599,816.0
809.871525279,810.0
810.121039919,801.0
810.370544518,812.0
810.620039075,821.0
810.869523589,825.0
811.118998057,825.0
811.368462479,817.0
811.617916854,821.0
811.867361179,816.0
812.116795454,813.0
812.366219678,818.0
812.615633848,818.0
812.865037964,811.0
813.114432023,805.0
813.363816026,809.0
813.61318997,819.0
813.862553854,815.0
814.111907677,804.0
814.361251437,807.0
814.610585133,824.0
814.859908764,810.0
815.109222327,803.0
815.358525823,817.0
815.607819249,809.0
815.857102605,809.0
816.106375888,825.0
816.355639097,826.0
816.604892232,808.0
816.85413529,811.0
817.103368271,812.0
817.352591173,823.0
817.601803994,829.0
817.851006733,812.0
818.100199389,824.0
818.349381961,820.0
818.598554447,807.0
818.847716846,809.0
819.096869156,810.0
819.346011376,809.0
819.595143505,807.0
819.844265541,812.0
820.093377483,820.0
820.34247933,813.0
820.59157108,816.0
820.840652732,814.0
821.089724284,818.0
821.338785735,821.0
821.587837085,818.0
821.83687833,826.0
822.085909471,824.0
822.334930505,821.0
822.583941432,814.0
822.83294225,814.0
823.081932957,815.0
823.330913552,808.0
823.579884035,821.0
823.828844403,823.0
824.077794655,826.0
824.326734789,815.0
824.575664805,814.0
824.824584702,818.0
825.073494477,828.0
825.322394129,822.0
825.571283657,825.0
825.82016306,819.0
826.069032336,819.0
826.317891484,816.0
826.566740502,819.0
826.81557939,820.0
827.064408145,819.0
827.313226767,821.0
827.562035253,809.0
827.810833604,807.0
828.059621817,821.0
828.30839989,820.0
828.557167824,819.0
828.805925615,817.0
829.054673264,810.0
829.303410768,808.0
829.552138126,811.0
829.800855337,811.0
830.049562399,820.0
830.298259311,826.0
830.546946072,807.0
830.79562268,826.0
831.044289135,809.0
831.292945433,798.0
831.541591576,808.0
831.790227559,818.0
832.038853384,816.0
832.287469048,809.0
832.536074549,814.0
832.784669887,811.0
833.03325506,813.0
833.281830066,820.0
833.530394905,809.0
833.778949575,804.0
834.027494074,827.0
834.276028402,825.0
834.524552556,814.0
834.773066536,820.0
835.02157034,816.0
835.270063967,817.0
835.518547415,820.0
835.767020684,813.0
836.015483771,818.0
836.263936675,817.0
836.512379396,818.0
836.76081193,818.0
837.009234279,808.0
837.257646439,815.0
837.506048409,818.0
837.754440189,832.0
838.002821776,824.0
838.25119317,801.0
838.499554369,818.0
838.747905371,825.0
838.996246176,814.0
839.244576782,823.0
839.492897188,814.0
839.741207391,814.0
839.989507392,795.0
840.237797188,813.0
840.486076778,821.0
840.734346161,822.0
840.982605335,816.0
841.2308543,819.0
841.479093053,806.0
841.727321593,823.0
841.97553992,811.0
842.223748031,808.0
842.471945925,824.0
842.720133601,811.0
842.968311057,820.0
843.216478293,833.0
843.464635307,837.0
843.712782096,826.0
843.960918661,816.0
844.209045,815.0
844.457161111,817.0
844.705266993,814.0
844.953362644,816.0
845.201448064,822.0
845.449523251,826.0
845.697588203,801.0
845.945642919,811.0
846.193687398,810.0
846.441721638,809.0
846.689745639,828.0
846.937759398,823.0
847.185762914,820.0
847.433756187,813.0
847.681739214,814.0
847.929711994,823.0
848.177674526,830.0
848.425626809,830.0
848.67356884,821.0
848.92150062,810.0
849.169422146,811.0
849.417333417,811.0
849.665234431,813.0
849.913125188,810.0
850.161005686,820.0
850.408875924,818.0
850.6567359,808.0
850.904585612,815.0
851.15242506,820.0
851.400254243,821.0
851.648073158,819.0
851.895881804,826.0
852.14368018,830.0
852.391468286,828.0
852.639246118,829.0
852.887013677,827.0
853.13477096,816.0
853.382517966,818.0
853.630254694,818.0
853.877981143,816.0
854.12569731,821.0
854.373403196,826.0
854.621098798,825.0
854.868784115,807.0
855.116459145,830.0
855.364123888,842.0
855.611778342,832.0
855.859422506,820.0
856.107056378,800.0
856.354679956,810.0
856.60229324,810.0
856.849896229,811.0
857.09748892,818.0
857.345071312,809.0
857.592643405,818.0
857.840205196,820.0
858.087756684,820.0
858.335297869,830.0
858.582828748,826.0
858.83034932,821.0
859.077859584,827.0
859.325359539,813.0
859.572849183,812.0
859.820328514,821.0
860.067797532,809.0
860.315256235,830.0
860.562704622,828.0
860.810142691,826.0
861.057570441,810.0
861.304987871,816.0
861.552394978,823.0
861.799791763,823.0
862.047178223,804.0
862.294554357,822.0
862.541920164,814.0
862.789275643,803.0
863.036620791,814.0
863.283955609,810.0
863.531280093,818.0
863.778594244,821.0
864.025898059,821.0
864.273191537,826.0
864.520474677,821.0
864.767747478,819.0
865.015009938,809.0
865.262262055,803.0
865.509503829,806.0
865.756735258,818.0
866.003956341,824.0
866.251167076,818.0
866.498367462,815.0
866.745557497,817.0
866.992737181,809.0
867.239906512,822.0
867.487065488,796.0
867.734214108,809.0
867.981352371,812.0
868.228480276,816.0
868.47559782,808.0
868.722705003,805.0
868.969801824,806.0
869.21688828,818.0
869.463964372,832.0
869.711030096,830.0
869.958085452,824.0
870.205130439,813.0
870.452165054,810.0
870.699189298,817.0
870.946203168,809.0
871.193206663,825.0
871.440199782,826.0
871.687182523,828.0
871.934154885,825.0
872.181116866,821.0
872.428068466,812.0
872.675009683,821.0
872.921940515,823.0
873.168860961,821.0
873.41577102,813.0
873.662670691,821.0
873.909559971,827.0
874.15643886,820.0
874.403307357,813.0
874.650165459,805.0
874.897013166,809.0
875.143850477,824.0
875.390677389,815.0
875.637493901,810.0
875.884300013,810.0
876.131095723,802.0
876.377881029,806.0
876.62465593,806.0
876.871420424,804.0
877.118174511,814.0
877.364918189,815.0
877.611651457,823.0
877.858374313,810.0
878.105086755,801.0
878.351788783,806.0
878.598480396,809.0
878.845161591,799.0
879.091832367,817.0
879.338492724,801.0
879.585142659,813.0
879.831782171,796.0
880.07841126,820.0
880.325029923,812.0
880.571638159,812.0
880.818235967,811.0
881.064823346,810.0
881.311400293,813.0
881.557966809,810.0
881.804522891,804.0
882.051068538,816.0
882.297603749,805.0
882.544128522,810.0
882.790642856,816.0
883.037146749,808.0
883.283640201,801.0
883.530123209,805.0
883.776595774,810.0
884.023057892,816.0
884.269509563,809.0
884.515950785,826.0
884.762381558,810.0
885.008801879,810.0
885.255211747,801.0
885.501611162,817.0
885.748000121,811.0
885.994378623,822.0
886.240746667,811.0
886.487104252,818.0
886.733451375,816.0
886.979788037,813.0
887.226114235,809.0
887.472429968,804.0
887.718735234,817.0
887.965030033,821.0
888.211314363,826.0
888.457588223,824.0
888.70385161,824.0
888.950104525,819.0
889.196346965,821.0
889.442578929,818.0
889.688800416,811.0
889.935011425,808.0
890.181211953,816.0
890.427402,819.0
890.673581565,816.0
890.919750645,802.0
891.16590924,816.0
891.412057348,822.0
891.658194968,816.0
891.904322099,820.0
892.150438738,819.0
892.396544886,815.0
892.64264054,814.0
892.888725699,810.0
893.134800361,818.0
893.380864526,801.0
893.626918192,811.0
893.872961357,806.0
894.118994021,818.0
894.365016182,821.0
894.611027838,819.0
894.857028988,816.0
895.103019631,813.0
895.348999765,822.0
895.59496939,813.0
895.840928503,823.0
896.086877103,816.0
896.332815189,806.0
896.57874276,819.0
896.824659814,817.0
897.07056635,809.0
897.316462367,815.0
897.562347863,813.0
897.808222836,810.0
898.054087286,821.0
898.299941211,821.0
898.545784609,805.0
898.79161748,808.0
899.037439822,820.0
899.283251633,825.0
899.529052913,809.0
899.774843659,812.0
900.020623871,808.0
900.266393547,800.0
900.512152686,808.0
900.757901287,822.0
901.003639347,827.0
901.249366866,818.0
901.495083842,817.0
901.740790275,802.0
901.986486161,805.0
902.232171501,810.0
902.477846293,825.0
902.723510536,827.0
902.969164227,814.0
903.214807367,813.0
903.460439953,812.0
903.706061983,817.0
903.951673458,815.0
904.197274375,816.0
904.442864732,815.0
904.68844453,809.0
904.934013765,802.0
905.179572438,811.0
905.425120546,805.0
905.670658088,809.0
905.916185062,806.0
906.161701469,807.0
906.407207305,814.0
906.65270257,808.0
906.898187262,805.0
907.14366138,802.0
907.389124923,811.0
907.634577889,811.0
907.880020277,810.0
908.125452086,818.0
908.370873313,818.0
908.616283958,815.0
908.86168402,804.0
909.107073497,808.0
909.352452387,794.0
909.59782069,811.0
909.843178404,816.0
910.088525527,806.0
910.333862058,805.0
910.579187997,798.0
910.82450334,800.0
911.069808088,823.0
911.315102239,824.0
911.560385791,812.0
911.805658744,805.0
912.050921094,819.0
912.296172843,804.0
912.541413987,809.0
912.786644525,802.0
913.031864457,802.0
913.277073781,805.0
913.522272496,810.0
913.767460599,805.0
914.01263809,804.0
914.257804968,812.0
914.50296123,817.0
914.748106877,805.0
914.993241905,800.0
915.238366315,804.0
915.483480104,809.0
915.728583272,808.0
915.973675816,808.0
916.218757736,813.0
916.46382903,822.0
916.708889696,816.0
916.953939734,814.0
917.198979142,816.0
917.444007919,816.0
917.689026063,810.0
917.934033573,817.0
918.179030448,818.0
918.424016686,817.0
918.668992286,817.0
918.913957246,816.0
919.158911565,804.0
919.403855242,809.0
919.648788276,821.0
919.893710664,817.0
920.138622407,802.0
920.383523501,806.0
920.628413947,816.0
920.873293742,812.0
921.118162885,808.0
921.363021375,817.0
921.607869211,803.0
921.852706391,821.0
922.097532913,798.0
922.342348777,798.0
922.587153981,790.0
922.831948524,803.0
923.076732404,814.0
923.32150562,811.0
923.566268171,807.0
923.811020054,813.0
924.05576127,806.0
924.300491816,812.0
924.545211691,809.0
924.789920894,817.0
925.034619424,808.0
925.279307278,824.0
925.523984456,813.0
925.768650957,804.0
926.013306778,800.0
926.257951919,812.0
926.502586378,807.0
926.747210155,799.0
926.991823246,800.0
927.236425652,806.0
927.48101737,804.0
927.7255984,796.0
927.97016874,807.0
928.214728389,817.0
928.459277345,824.0
928.703815606,816.0
928.948343173,807.0
929.192860043,811.0
929.437366214,818.0
929.681861686,813.0
929.926346457,802.0
930.170820526,821.0
930.415283891,819.0
930.659736552,813.0
930.904178506,819.0
931.148609752,816.0
931.39303029,814.0
931.637440116,812.0
931.881839232,809.0
932.126227634,804.0
932.370605321,801.0
932.614972293,804.0
932.859328547,812.0
933.103674083,814.0
933.348008899,812.0
933.592332993,825.0
933.836646365,822.0
934.080949013,821.0
934.325240935,811.0
934.56952213,816.0
934.813792598,802.0
935.058052336,818.0
935.302301343,812.0
935.546539618,820.0
935.790767159,814.0
936.034983965,803.0
936.279190035,804.0
936.523385367,809.0
936.76756996,813.0
937.011743813,813.0
937.255906924,804.0
937.500059292,808.0
937.744200915,806.0
937.988331793,813.0
938.232451923,805.0
938.476561305,799.0
938.720659936,805.0
938.964747817,818.0
939.208824944,816.0
939.452891318,825.0
939.696946936,816.0
939.940991798,815.0
940.185025901,788.0
940.429049245,800.0
940.673061828,812.0
940.917063648,811.0
941.161054705,811.0
941.405034998,815.0
941.649004523,813.0
941.892963281,807.0
942.13691127,805.0
942.380848489,813.0
942.624774936,823.0
942.86869061,824.0
943.112595509,818.0
943.356489632,817.0
943.600372978,819.0
943.844245546,820.0
944.088107333,807.0
944.33195834,818.0
944.575798563,815.0
944.819628003,804.0
945.063446657,824.0
945.307254524,824.0
945.551051603,809.0
945.794837893,809.0
946.038613392,802.0
946.282378098,805.0
946.526132011,803.0
946.769875129,808.0
947.013607451,806.0
947.257328975,815.0
947.5010397,815.0
947.744739624,817.0
947.988428747,813.0
948.232107067,810.0
948.475774582,820.0
948.719431291,821.0
948.963077193,810.0
949.206712286,820.0
949.45033657,809.0
949.693950042,800.0
949.937552701,817.0
950.181144546,824.0
950.424725576,809.0
950.66829579,811.0
950.911855185,825.0
951.15540376,811.0
951.398941515,811.0
951.642468447,821.0
951.885984556,816.0
952.12948984,813.0
952.372984297,810.0
952.616467927,814.0
952.859940728,812.0
953.103402698,820.0
953.346853837,814.0
953.590294142,805.0
953.833723613,797.0
954.077142248,816.0
954.320550046,817.0
954.563947005,828.0
954.807333125,820.0
955.050708402,813.0
955.294072838,819.0
955.537426429,813.0
955.780769175,802.0
956.024101074,807.0
956.267422125,815.0
956.510732326,816.0
956.754031676,822.0
956.997320175,812.0
957.240597819,805.0
957.483864609,808.0
957.727120542,820.0
957.970365618,823.0
958.213599835,818.0
958.456823191,822.0
958.700035685,814.0
958.943237317,817.0
959.186428083,816.0
959.429607984,820.0
959.672777018,818.0
959.915935183,822.0
960.159082478,814.0
960.402218902,804.0
960.645344453,793.0
960.88845913,805.0
961.131562932,809.0
961.374655856,812.0
961.617737903,808.0
961.86080907,805.0
962.103869357,808.0
962.346918761,816.0
962.589957281,821.0
962.832984917,805.0
963.076001666,817.0
963.319007527,816.0
963.5620025,816.0
963.804986582,810.0
964.047959772,817.0
964.290922069,806.0
964.533873472,809.0
964.776813979,807.0
965.019743588,819.0
965.262662299,808.0
965.50557011,814.0
965.74846702,824.0
965.991353026,828.0
966.234228129,814.0
966.477092327,816.0
966.719945617,808.0
966.962788,806.0
967.205619473,804.0
967.448440035,808.0
967.691249685,815.0
967.934048421,803.0
968.176836243,807.0
968.419613148,813.0
968.662379135,808.0
968.905134203,810.0
969.147878351,811.0
969.390611577,806.0
969.63333388,817.0
969.876045259,816.0
970.118745711,803.0
970.361435237,813.0
970.604113833,816.0
970.8467815,807.0
971.089438235,808.0
971.332084038,805.0
971.574718907,816.0
971.81734284,811.0
972.059955837,821.0
972.302557895,813.0
972.545149014,816.0
972.787729192,816.0
973.030298428,826.0
973.27285672,805.0
973.515404067,805.0
973.757940468,813.0
974.000465921,812.0
974.242980425,803.0
974.485483979,808.0
974.727976581,809.0
974.970458229,801.0
975.212928924,805.0
975.455388662,817.0
975.697837443,812.0
975.940275266,822.0
976.182702128,803.0
976.425118029,800.0
976.667522968,811.0
976.909916942,806.0
977.152299952,806.0
977.394671994,821.0
977.637033068,824.0
977.879383173,822.0
978.121722306,820.0
978.364050468,825.0
978.606367656,813.0
978.848673869,819.0
979.090969105,809.0
979.333253364,812.0
979.575526644,807.0
979.817788944,801.0
980.060040262,814.0
980.302280596,808.0
980.544509946,813.0
980.78672831,820.0
981.028935687,811.0
981.271132076,820.0
981.513317474,806.0
981.755491881,816.0
981.997655295,811.0
982.239807716,817.0
982.481949141,813.0
982.724079569,816.0
982.966198999,814.0
983.208307429,823.0
983.450404859,818.0
983.692491286,816.0
983.93456671,809.0
984.176631129,816.0
984.418684541,826.0
984.660726946,811.0
984.902758341,813.0
985.144778727,810.0
985.3867881,809.0
985.628786461,811.0
985.870773806,818.0
986.112750136,817.0
986.354715449,812.0
986.596669743,819.0
986.838613017,826.0
987.08054527,811.0
987.3224665,798.0
987.564376706,810.0
987.806275887,812.0
988.048164041,805.0
988.290041167,809.0
988.531907263,816.0
988.773762328,823.0
989.015606362,821.0
989.257439361,819.0
989.499261326,818.0
989.741072254,820.0
989.982872144,809.0
990.224660996,812.0
990.466438807,824.0
990.708205576,828.0
990.949961302,833.0
991.191705984,818.0
991.43343962,820.0
991.675162208,824.0
991.916873748,813.0
992.158574238,810.0
992.400263677,821.0
992.641942063,816.0
992.883609395,816.0
993.125265671,810.0
993.366910891,812.0
993.608545052,822.0
993.850168154,826.0
994.091780195,802.0
994.333381174,794.0
994.57497109,812.0
994.81654994,818.0
995.058117724,814.0
995.29967444,811.0
995.541220088,814.0
995.782754664,813.0
996.024278169,818.0
996.265790601,828.0
996.507291959,826.0
996.74878224,822.0
996.990261445,820.0
997.23172957,812.0
997.473186616,815.0
997.71463258,805.0
997.956067462,820.0
998.19749126,820.0
998.438903972,821.0
998.680305597,830.0
998.921696135,812.0
999.163075583,806.0
999.404443939,811.0
999.645801204,834.0
999.887147375,808.0
1000.12848245,813.0
1000.36980643,802.0
1000.61111931,810.0
1000.8524211,819.0
1001.09371178,812.0
1001.33499136,812.0
1001.57625984,816.0
1001.81751721,810.0
1002.05876348,798.0
1002.29999864,794.0
1002.54122269,822.0
1002.78243563,833.0
1003.02363746,819.0
1003.26482818,810.0
1003.50600778,814.0
1003.74717627,811.0
1003.98833364,817.0
1004.22947989,818.0
1004.47061503,824.0
1004.71173904,816.0
1004.95285193,820.0
1005.1939537,811.0
1005.43504434,822.0
1005.67612386,817.0
1005.91719224,808.0
1006.1582495,808.0
1006.39929563,807.0
1006.64033063,802.0
1006.88135449,818.0
1007.12236722,816.0
1007.36336881,812.0
1007.60435927,822.0
1007.84533859,818.0
1008.08630676,812.0
1008.3272638,816.0
1008.56820969,816.0
1008.80914444,826.0
1009.05006804,818.0
1009.2909805,819.0
1009.53188181,812.0
1009.77277197,816.0
1010.01365098,813.0
1010.25451883,819.0
1010.49537554,802.0
1010.73622108,811.0
1010.97705548,810.0
1011.21787871,821.0
1011.45869078,824.0
1011.6994917,820.0
1011.94028145,818.0
1012.18106004,805.0
1012.42182746,815.0
1012.66258372,819.0
1012.90332881,825.0
1013.14406274,814.0
1013.38478549,809.0
1013.62549707,811.0
1013.86619748,819.0
1014.10688672,823.0
1014.34756478,815.0
1014.58823166,798.0
1014.82888736,802.0
1015.06953189,811.0
1015.31016523,809.0
1015.55078739,826.0
1015.79139837,821.0
1016.03199817,826.0
1016.27258677,810.0
1016.51316419,812.0
1016.75373042,822.0
1016.99428546,821.0
1017.23482931,805.0
1017.47536197,814.0
1017.71588343,813.0
1017.95639369,814.0
1018.19689276,809.0
1018.43738063,810.0
1018.67785729,812.0
1018.91832276,804.0
1019.15877703,812.0
1019.39922009,821.0
1019.63965194,809.0
1019.88007259,804.0
1020.12048203,809.0
1020.36088026,803.0
1020.60126728,811.0
1020.84164309,819.0
1021.08200768,817.0
1021.32236106,826.0
1021.56270323,830.0
1021.80303417,816.0
1022.0433539,801.0
1022.2836624,803.0
1022.52395969,802.0
1022.76424575,810.0
1023.00452058,816.0
1023.24478419,811.0
1023.48503658,801.0
1023.72527773,810.0
1023.96550766,822.0
1024.20572635,821.0
1024.44593381,820.0
1024.68613004,829.0
1024.92631503,820.0
1025.16648878,819.0
1025.4066513,817.0
1025.64680257,812.0
1025.88694261,813.0
1026.1270714,816.0
1026.36718895,809.0
1026.60729526,808.0
1026.84739031,815.0
1027.08747413,811.0
1027.32754669,812.0
1027.567608,809.0
1027.80765806,814.0
1028.04769686,810.0
1028.28772442,815.0
1028.52774071,817.0
1028.76774575,820.0
1029.00773953,819.0
1029.24772205,806.0
1029.48769331,813.0
1029.72765331,816.0
1029.96760204,827.0
1030.20753951,821.0
1030.44746571,805.0
1030.68738064,822.0
1030.9272843,808.0
1031.16717669,809.0
1031.40705781,823.0
1031.64692766,808.0
1031.88678623,802.0
1032.12663352,812.0
1032.36646954,815.0
1032.60629427,804.0
1032.84610773,818.0
1033.08590991,819.0
1033.3257008,820.0
1033.56548041,809.0
1033.80524873,818.0
1034.04500576,824.0
1034.28475151,810.0
1034.52448596,811.0
1034.76420913,818.0
1035.003921,818.0
1035.24362158,821.0
1035.48331086,819.0
1035.72298885,820.0
1035.96265553,812.0
1036.20231092,807.0
1036.44195501,814.0
1036.68158779,812.0
1036.92120927,823.0
1037.16081945,829.0
1037.40041832,811.0
1037.64000588,811.0
1037.87958214,813.0
1038.11914708,813.0
1038.35870071,821.0
1038.59824303,826.0
1038.83777403,834.0
1039.07729372,818.0
1039.31680209,812.0
1039.55629914,811.0
1039.79578487,805.0
1040.03525928,806.0
1040.27472237,812.0
1040.51417413,825.0
1040.75361457,818.0
1040.99304368,823.0
1041.23246146,808.0
1041.47186792,813.0
1041.71126304,824.0
1041.95064683,806.0
1042.19001929,818.0
1042.42938041,808.0
1042.6687302,806.0
1042.90806864,818.0
1043.14739575,812.0
1043.38671152,814.0
1043.62601595,821.0
1043.86530903,810.0
1044.10459077,808.0
1044.34386116,812.0
1044.58312021,811.0
1044.82236791,802.0
1045.06160425,812.0
1045.30082925,809.0
1045.54004289,808.0
1045.77924518,814.0
1046.01843612,826.0
1046.25761569,818.0
1046.49678391,815.0
1046.73594077,827.0
1046.97508627,809.0
1047.21422041,811.0
1047.45334318,813.0
1047.69245459,796.0
1047.93155463,809.0
1048.1706433,811.0
1048.40972061,804.0
1048.64878654,813.0
1048.8878411,810.0
1049.12688429,812.0
1049.36591611,815.0
1049.60493654,808.0
1049.84394561,807.0
1050.08294329,808.0
1050.32192959,812.0
1050.56090451,820.0
1050.79986805,813.0
1051.03882021,812.0
1051.27776098,808.0
1051.51669036,804.0
1051.75560835,802.0
1051.99451496,814.0
1052.23341017,820.0
1052.47229399,810.0
1052.71116642,825.0
1052.95002746,824.0
1053.18887709,807.0
1053.42771533,812.0
1053.66654217,815.0
1053.90535761,827.0
1054.14416165,815.0
1054.38295429,810.0
1054.62173552,809.0
1054.86050534,817.0
1055.09926376,800.0
1055.33801077,798.0
1055.57674636,808.0
1055.81547055,814.0
1056.05418333,805.0
1056.29288469,812.0
1056.53157463,812.0
1056.77025316,815.0
1057.00892027,806.0
1057.24757596,816.0
1057.48622023,808.0
1057.72485308,807.0
1057.9634745,819.0
1058.2020845,824.0
1058.44068307,822.0
1058.67927022,816.0
1058.91784593,808.0
1059.15641022,817.0
1059.39496307,816.0
1059.63350449,805.0
1059.87203448,801.0
1060.11055303,817.0
1060.34906014,814.0
1060.58755582,818.0
1060.82604005,815.0
1061.06451284,809.0
1061.30297419,814.0
1061.5414241,812.0
1061.77986256,807.0
1062.01828958,806.0
1062.25670514,810.0
1062.49510926,805.0
1062.73350192,806.0
1062.97188314,832.0
1063.2102529,813.0
1063.4486112,813.0
1063.68695805,808.0
1063.92529344,808.0
1064.16361737,807.0
1064.40192984,810.0
1064.64023085,812.0
1064.8785204,813.0
1065.11679848,808.0
1065.35506509,816.0
1065.59332024,814.0
1065.83156392,818.0
1066.06979613,814.0
1066.30801687,816.0
1066.54622614,814.0
1066.78442393,817.0
1067.02261025,812.0
1067.26078509,809.0
1067.49894845,814.0
1067.73710033,807.0
1067.97524073,812.0
1068.21336965,809.0
1068.45148708,806.0
1068.68959303,802.0
1068.9276875,808.0
1069.16577047,813.0
1069.40384196,809.0
1069.64190196,817.0
1069.87995046,827.0
1070.11798748,822.0
1070.35601299,805.0
1070.59402701,798.0
1070.83202954,808.0
1071.07002056,817.0
1071.30800009,807.0
1071.54596811,816.0
1071.78392463,798.0
1072.02186965,811.0
1072.25980316,814.0
1072.49772517,817.0
1072.73563567,825.0
1072.97353465,823.0
1073.21142213,816.0
1073.4492981,822.0
1073.68716255,817.0
1073.92501548,818.0
1074.1628569,814.0
1074.4006868,819.0
1074.63850519,804.0
1074.87631205,803.0
1075.11410739,798.0
1075.35189121,804.0
1075.5896635,812.0
1075.82742427,810.0
1076.06517351,819.0
1076.30291122,818.0
1076.5406374,805.0
1076.77835205,808.0
1077.01605517,807.0
1077.25374675,804.0
1077.4914268,812.0
1077.72909531,823.0
1077.96675228,826.0
1078.20439771,818.0
1078.44203161,816.0
1078.67965396,805.0
1078.91726476,809.0
1079.15486402,820.0
1079.39245174,825.0
1079.63002791,819.0
1079.86759253,809.0
1080.10514559,817.0
1080.34268711,813.0
1080.58021707,811.0
1080.81773548,798.0
1081.05524233,817.0
1081.29273763,812.0
1081.53022137,825.0
1081.76769354,805.0
1082.00515416,820.0
1082.24260321,818.0
1082.4800407,815.0
1082.71746662,825.0
1082.95488098,814.0
1083.19228377,818.0
1083.42967499,802.0
1083.66705463,806.0
1083.90442271,808.0
1084.14177921,817.0
1084.37912414,812.0
1084.61645749,802.0
1084.85377926,808.0
1085.09108946,814.0
1085.32838807,801.0
1085.5656751,810.0
1085.80295055,821.0
1086.04021442,819.0
1086.27746669,824.0
1086.51470739,819.0
1086.75193649,809.0
1086.989154,807.0
1087.22635992,817.0
1087.46355425,814.0
1087.70073698,820.0
1087.93790812,820.0
1088.17506766,828.0
1088.41221561,814.0
1088.64935195,817.0
1088.8864767,824.0
1089.12358984,824.0
1089.36069138,812.0
1089.59778131,808.0
1089.83485964,812.0
1090.07192635,812.0
1090.30898146,816.0
1090.54602496,822.0
1090.78305685,816.0
1091.02007712,824.0
1091.25708578,810.0
1091.49408283,818.0
1091.73106825,819.0
1091.96804206,823.0
1092.20500425,815.0
1092.44195482,813.0
1092.67889376,806.0
1092.91582108,815.0
1093.15273678,802.0
1093.38964084,801.0
1093.62653328,810.0
1093.86341409,805.0
1094.10028327,805.0
1094.33714082,816.0
1094.57398673,814.0
1094.81082101,812.0
1095.04764365,815.0
1095.28445466,820.0
1095.52125402,813.0
1095.75804175,801.0
1095.99481783,807.0
1096.23158227,810.0
1096.46833507,812.0
1096.70507622,810.0
1096.94180572,808.0
1097.17852357,817.0
1097.41522977,817.0
1097.65192433,812.0
1097.88860723,804.0
1098.12527847,811.0
1098.36193806,823.0
1098.598586,814.0
1098.83522227,806.0
1099.07184689,806.0
1099.30845984,811.0
1099.54506113,808.0
1099.78165076,813.0
1100.01822873,812.0
1100.25479502,824.0
1100.49134965,805.0
1100.72789261,817.0
1100.9644239,808.0
1101.20094352,810.0
1101.43745147,809.0
1101.67394774,806.0
1101.91043234,825.0
1102.14690525,830.0
1102.38336649,809.0
1102.61981605,809.0
1102.85625393,794.0
1103.09268012,804.0
1103.32909464,804.0
1103.56549746,802.0
1103.8018886,821.0
1104.03826805,814.0
1104.27463581,821.0
1104.51099188,809.0
1104.74733626,817.0
1104.98366894,819.0
1105.21998993,802.0
1105.45629923,813.0
1105.69259682,816.0
1105.92888272,820.0
1106.16515692,809.0
1106.40141941,811.0
1106.6376702,832.0
1106.87390929,816.0
1107.11013667,818.0
1107.34635234,818.0
1107.58255631,814.0
1107.81874856,797.0
1108.0549291,806.0
1108.29109793,820.0
1108.52725505,819.0
1108.76340045,817.0
1108.99953414,809.0
1109.2356561,818.0
1109.47176635,818.0
1109.70786488,812.0
1109.94395168,813.0
1110.18002676,821.0
1110.41609012,809.0
1110.65214174,796.0
1110.88818165,814.0
1111.12420982,806.0
1111.36022626,819.0
1111.59623097,804.0
1111.83222394,808.0
1112.06820519,803.0
1112.30417469,794.0
1112.54013246,804.0
1112.77607849,814.0
1113.01201278,814.0
1113.24793533,829.0
1113.48384614,819.0
1113.7197452,818.0
1113.95563252,812.0
1114.19150809,825.0
1114.42737191,824.0
1114.66322398,820.0
1114.8990643,809.0
1115.13489287,807.0
1115.37070969,807.0
1115.60651475,815.0
1115.84230805,826.0
1116.0780896,816.0
1116.31385939,818.0
1116.54961741,828.0
1116.78536368,802.0
1117.02109818,805.0
1117.25682092,818.0
1117.49253189,820.0
1117.7282311,811.0
1117.96391853,799.0
1118.1995942,805.0
1118.43525809,817.0
1118.67091021,826.0
1118.90655056,824.0
1119.14217913,817.0
1119.37779593,804.0
1119.61340095,807.0
1119.84899418,804.0
1120.08457564,813.0
1120.32014532,815.0
1120.55570321,825.0
1120.79124931,822.0
1121.02678363,813.0
1121.26230617,806.0
1121.49781691,808.0
1121.73331586,813.0
1121.96880302,821.0
1122.20427839,820.0
1122.43974196,817.0
1122.67519374,809.0
1122.91063372,816.0
1123.1460619,817.0
1123.38147828,821.0
1123.61688286,823.0
1123.85227564,819.0
1124.08765661,819.0
1124.32302578,819.0
1124.55838314,819.0
1124.7937287,819.0
1125.02906244,819.0
1125.26438437,819.0
1125.49969449,819.0
1125.7349928,819.0
1125.97027929,819.0
1126.20555397,819.0
1126.44081682,819.0
1126.67606786,819.0
1126.91130708,819.0
1127.14653448,819.0
1127.38175005,819.0
1127.6169538,819.0
1127.85214572,819.0
1128.08732582,819.0
1128.32249409,819.0
1128.55765052,819.0
1128.79279513,819.0
1129.0279279,819.0
1129.26304884,819.0
1129.49815794,819.0
1129.73325521,819.0
1129.96834064,819.0
1130.20341423,819.0
1130.43847598,819.0
1130.67352588,819.0
1130.90856394,819.0
1131.14359016,819.0
1131.37860453,819.0
1131.61360705,819.0
1131.84859773,819.0
1132.08357655,819.0
1132.31854352,819.0
1132.55349864,819.0
1132.78844191,819.0
1133.02337332,819.0
1133.25829287,819.0
1133.49320056,819.0
1133.72809639,819.0
1133.96298036,819.0
1134.19785247,819.0
1134.43271272,819.0
1134.6675611,819.0
1134.90239761,819.0
1135.13722225,819.0
1135.37203503,819.0
1135.60683593,819.0
1135.84162496,819.0
1136.07640212,819.0
1136.3111674,819.0
1136.54592081,819.0
1136.78066234,819.0
1137.01539199,819.0
1137.25010976,819.0
1137.48481564,819.0
1137.71950965,819.0
1137.95419177,819.0
1138.188862,819.0
1138.42352035,819.0
1138.65816681,819.0
1138.89280137,819.0
1139.12742405,819.0
1139.36203483,819.0
1139.59663372,819.0
1139.83122072,819.0
1140.06579582,819.0
1140.30035902,819.0
1140.53491032,819.0
1140.76944972,819.0
1141.00397721,819.0
1141.23849281,819.0
1141.47299649,819.0
1141.70748828,819.0
1141.94196815,819.0
1142.17643612,819.0
1142.41089217,819.0
1142.64533631,819.0
1142.87976854,819.0
1143.11418886,819.0
1143.34859726,819.0
1143.58299374,819.0
1143.8173783,819.0
1144.05175095,819.0
1144.28611167,819.0
1144.52046047,819.0
1144.75479734,819.0
1144.98912229,819.0
1145.22343532,819.0
1145.45773641,819.0
1145.69202558,819.0
1145.92630281,819.0
1146.16056811,819.0
1146.39482148,819.0
1146.62906292,819.0
1146.86329241,819.0
1147.09750997,819.0
1147.3317156,819.0
1147.56590928,819.0
1147.80009101,819.0
1148.03426081,819.0
1148.26841866,819.0
1148.50256457,819.0
1148.73669852,819.0
1148.97082053,819.0
1149.20493059,819.0
1149.4390287,819.0
1149.67311485,819.0
1149.90718905,819.0
1150.1412513,819.0
1150.37530159,819.0
1150.60933992,819.0
1150.84336629,819.0
1151.0773807,819.0
1151.31138315,819.0
1151.54537363,819.0
1151.77935215,819.0
1152.0133187,819.0
1152.24727329,819.0
1152.48121591,819.0
1152.71514655,819.0
1152.94906523,819.0
1153.18297193,819.0
1153.41686665,819.0
1153.6507494,819.0
1153.88462018,819.0
1154.11847897,819.0
1154.35232579,819.0
1154.58616062,819.0
1154.81998347,819.0
1155.05379434,819.0
1155.28759322,819.0
1155.52138011,819.0
1155.75515502,819.0
1155.98891793,819.0
1156.22266886,819.0
1156.45640779,819.0
1156.69013473,819.0
1156.92384968,819.0
1157.15755263,819.0
1157.39124358,819.0
1157.62492253,819.0
1157.85858948,819.0
1158.09224443,819.0
1158.32588737,819.0
1158.55951832,819.0
1158.79313725,819.0
1159.02674418,819.0
1159.2603391,819.0
1159.49392201,819.0
1159.72749291,819.0
1159.9610518,819.0
1160.19459867,819.0
1160.42813352,819.0
1160.66165636,819.0
1160.89516719,819.0
1161.12866599,819.0
1161.36215277,819.0
1161.59562753,819.0
1161.82909026,819.0
1162.06254097,819.0
1162.29597966,819.0
1162.52940631,819.0
1162.76282094,819.0
1162.99622354,819.0
1163.2296141,819.0
1163.46299263,819.0
1163.69635913,819.0
1163.92971359,819.0
1164.16305602,819.0
1164.3963864,819.0
1164.62970475,819.0
1164.86301105,819.0
1165.09630531,819.0
1165.32958753,819.0
1165.5628577,819.0
1165.79611583,819.0
1166.0293619,819.0
1166.26259593,819.0
1166.49581791,819.0
1166.72902783,819.0