195.49567,833.0
195.765095591,798.0
196.034514361,799.0
196.30392631,809.0
196.573331437,826.0
196.84272974,826.0
197.112121217,828.0
197.381505868,822.0
197.65088369,823.0
197.920254683,812.0
198.189618846,811.0
198.458976176,815.0
198.728326672,822.0
198.997670334,826.0
199.267007159,813.0
199.536337147,820.0
199.805660296,823.0
200.074976604,817.0
200.344286071,850.0
200.613588695,837.0
200.882884474,834.0
201.152173407,829.0
201.421455493,849.0
201.690730731,824.0
201.959999119,835.0
202.229260655,830.0
202.498515339,827.0
202.767763169,828.0
203.037004143,826.0
203.306238261,827.0
203.575465521,825.0
203.844685921,831.0
204.11389946,824.0
204.383106137,830.0
204.652305951,830.0
204.9214989,821.0
205.190684982,827.0
205.459864197,833.0
205.729036543,826.0
205.998202019,838.0
206.267360622,834.0
206.536512353,839.0
206.805657209,856.0
207.07479519,837.0
207.343926293,840.0
207.613050518,829.0
207.882167863,837.0
208.151278326,827.0
208.420381907,833.0
208.689478604,823.0
208.958568415,841.0
209.22765134,838.0
209.496727377,838.0
209.765796524,832.0
210.034858781,839.0
210.303914145,839.0
210.572962616,838.0
210.842004192,837.0
211.111038871,831.0
211.380066653,837.0
211.649087536,813.0
211.918101519,815.0
212.1871086,833.0
212.456108778,830.0
212.725102051,834.0
212.994088419,839.0
213.263067879,840.0
213.532040431,823.0
213.801006073,834.0
214.069964803,839.0
214.338916621,837.0
214.607861525,847.0
214.876799514,832.0
215.145730586,822.0
215.41465474,847.0
215.683571974,849.0
215.952482288,834.0
216.221385679,828.0
216.490282147,839.0
216.75917169,837.0
217.028054307,832.0
217.296929996,832.0
217.565798756,845.0
217.834660586,842.0
218.103515483,833.0
218.372363448,836.0
218.641204479,839.0
218.910038573,832.0
219.178865731,826.0
219.44768595,832.0
219.716499229,833.0
219.985305567,827.0
220.254104962,828.0
220.522897413,832.0
220.791682918,847.0
221.060461477,836.0
221.329233088,829.0
221.59799775,829.0
221.866755461,826.0
222.135506219,822.0
222.404250024,819.0
222.672986874,836.0
222.941716768,837.0
223.210439704,833.0
223.479155681,834.0
223.747864698,838.0
224.016566753,840.0
224.285261845,838.0
224.553949972,828.0
224.822631134,837.0
225.091305329,842.0
225.359972555,842.0
225.628632811,837.0
225.897286096,849.0
226.165932408,845.0
226.434571746,840.0
226.703204109,841.0
226.971829495,836.0
227.240447903,822.0
227.509059331,822.0
227.777663779,841.0
228.046261245,833.0
228.314851727,823.0
228.583435224,829.0
228.852011735,829.0
229.120581258,836.0
229.389143792,833.0
229.657699336,827.0
229.926247888,834.0
230.194789447,827.0
230.463324012,838.0
230.73185158,842.0
231.000372152,842.0
231.268885725,834.0
231.537392298,834.0
231.80589187,834.0
232.074384439,828.0
232.342870005,837.0
232.611348564,823.0
232.879820118,833.0
233.148284663,842.0
233.416742198,838.0
233.685192723,846.0
233.953636236,843.0
234.222072735,842.0
234.490502219,841.0
234.758924687,829.0
235.027340137,823.0
235.295748568,831.0
235.564149979,824.0
235.832544368,829.0
236.100931735,835.0
236.369312076,833.0
236.637685392,843.0
236.906051681,841.0
237.174410941,833.0
237.442763171,828.0
237.71110837,825.0
237.979446536,825.0
238.247777669,843.0
238.516101766,830.0
238.784418826,834.0
239.052728848,834.0
239.321031831,839.0
239.589327772,841.0
239.857616672,842.0
240.125898528,839.0
240.394173339,841.0
240.662441104,831.0
240.930701822,840.0
241.19895549,837.0
241.467202108,821.0
241.735441674,826.0
242.003674187,827.0
242.271899646,833.0
242.540118049,830.0
242.808329395,829.0
243.076533682,821.0
243.344730909,822.0
243.612921075,821.0
243.881104178,823.0
244.149280218,834.0
244.417449192,828.0
244.685611099,826.0
244.953765938,839.0
245.221913708,830.0
245.490054407,832.0
245.758188033,834.0
246.026314587,845.0
246.294434065,837.0
246.562546467,823.0
246.830651791,842.0
247.098750037,844.0
247.366841202,839.0
247.634925285,849.0
247.903002285,838.0
248.171072201,838.0
248.439135031,824.0
248.707190774,827.0
248.975239428,825.0
249.243280992,830.0
249.511315465,841.0
249.779342845,830.0
250.047363132,836.0
250.315376323,835.0
250.583382417,838.0
250.851381413,830.0
251.11937331,832.0
251.387358106,844.0
251.6553358,831.0
251.92330639,829.0
252.191269875,830.0
252.459226254,837.0
252.727175526,836.0
252.995117688,834.0
253.26305274,822.0
253.53098068,821.0
253.798901508,829.0
254.06681522,832.0
254.334721817,838.0
254.602621297,845.0
254.870513658,852.0
255.1383989,842.0
255.40627702,839.0
255.674148017,816.0
255.942011891,821.0
256.209868639,828.0
256.47771826,833.0
256.745560753,836.0
257.013396117,837.0
257.28122435,842.0
257.549045451,837.0
257.816859418,835.0
258.08466625,828.0
258.352465946,843.0
258.620258505,833.0
258.888043924,831.0
259.155822203,827.0
259.423593341,829.0
259.691357335,829.0
259.959114185,828.0
260.226863889,833.0
260.494606445,841.0
260.762341854,840.0
261.030070112,837.0
261.297791219,837.0
261.565505173,851.0
261.833211974,844.0
262.100911619,837.0
262.368604107,829.0
262.636289437,826.0
262.903967608,841.0
263.171638618,841.0
263.439302466,831.0
263.70695915,840.0
263.97460867,845.0
264.242251023,835.0
264.509886208,834.0
264.777514225,834.0
265.045135071,834.0
265.312748745,837.0
265.580355246,833.0
265.847954573,834.0
266.115546724,842.0
266.383131698,821.0
266.650709493,818.0
266.918280108,813.0
267.185843543,822.0
267.453399794,827.0
267.720948861,844.0
267.988490743,841.0
268.256025439,830.0
268.523552946,832.0
268.791073264,820.0
269.058586391,827.0
269.326092326,828.0
269.593591067,841.0
269.861082613,824.0
270.128566963,828.0
270.396044116,833.0
270.663514069,833.0
270.930976822,834.0
271.198432374,841.0
271.465880722,830.0
271.733321866,838.0
272.000755804,839.0
272.268182535,821.0
272.535602057,818.0
272.803014369,818.0
273.07041947,827.0
273.337817359,834.0
273.605208033,834.0
273.872591492,819.0
274.139967734,839.0
274.407336759,856.0
274.674698564,852.0
274.942053148,829.0
275.209400509,835.0
275.476740648,837.0
275.744073561,834.0
276.011399248,825.0
276.278717707,834.0
276.546028938,833.0
276.813332938,849.0
277.080629706,833.0
277.347919242,841.0
277.615201542,845.0
277.882476607,846.0
278.149744435,830.0
278.417005024,840.0
278.684258374,834.0
278.951504482,825.0
279.218743347,840.0
279.485974969,835.0
279.753199345,846.0
280.020416474,844.0
280.287626355,838.0
280.554828987,844.0
280.822024368,845.0
281.089212497,829.0
281.356393372,836.0
281.623566992,836.0
281.890733356,834.0
282.157892463,829.0
282.42504431,833.0
282.692188897,848.0
282.959326223,845.0
283.226456285,842.0
283.493579083,836.0
283.760694615,838.0
284.027802879,827.0
284.294903876,836.0
284.561997602,846.0
284.829084057,852.0
285.096163239,835.0
285.363235148,829.0
285.630299781,834.0
285.897357137,833.0
286.164407215,837.0
286.431450014,829.0
286.698485532,833.0
286.965513768,844.0
287.23253472,843.0
287.499548387,834.0
287.766554768,834.0
288.033553862,843.0
288.300545666,832.0
288.56753018,839.0
288.834507403,838.0
289.101477332,839.0
289.368439966,832.0
289.635395305,827.0
289.902343347,836.0
290.16928409,833.0
290.436217534,831.0
290.703143676,848.0
290.970062515,845.0
291.23697405,836.0
291.50387828,828.0
291.770775204,831.0
292.037664819,843.0
292.304547125,839.0
292.57142212,836.0
292.838289802,835.0
293.105150172,836.0
293.372003226,837.0
293.638848964,837.0
293.905687384,834.0
294.172518486,830.0
294.439342267,821.0
294.706158726,837.0
294.972967862,836.0
295.239769674,833.0
295.50656416,828.0
295.773351318,830.0
296.040131148,835.0
296.306903649,823.0
296.573668818,836.0
296.840426654,834.0
297.107177156,833.0
297.373920323,841.0
297.640656154,840.0
297.907384646,836.0
298.174105798,838.0
298.44081961,835.0
298.70752608,834.0
298.974225206,827.0
299.240916987,835.0
299.507601422,838.0
299.77427851,833.0
300.040948248,840.0
300.307610636,816.0
300.574265672,830.0
300.840913355,836.0
301.107553684,848.0
301.374186657,827.0
301.640812272,827.0
301.90743053,829.0
302.174041427,825.0
302.440644963,844.0
302.707241136,827.0
302.973829945,824.0
303.240411389,837.0
303.506985466,832.0
303.773552176,819.0
304.040111515,829.0
304.306663484,829.0
304.573208081,834.0
304.839745304,849.0
305.106275152,828.0
305.372797624,836.0
305.639312718,836.0
305.905820433,839.0
306.172320768,844.0
306.438813721,829.0
306.705299291,837.0
306.971777477,824.0
307.238248277,834.0
307.504711689,831.0
307.771167714,826.0
308.037616348,826.0
308.304057591,833.0
308.570491441,829.0
308.836917897,834.0
309.103336958,830.0
309.369748622,836.0
309.636152888,828.0
309.902549755,829.0
310.16893922,837.0
310.435321284,842.0
310.701695944,843.0
310.968063199,833.0
311.234423048,845.0
311.500775489,839.0
311.767120521,818.0
312.033458143,829.0
312.299788353,846.0
312.56611115,836.0
312.832426533,828.0
313.0987345,830.0
313.365035049,840.0
313.63132818,838.0
313.897613891,837.0
314.163892181,828.0
314.430163048,836.0
314.696426491,829.0
314.962682509,828.0
315.2289311,824.0
315.495172263,824.0
315.761405997,833.0
316.027632299,836.0
316.29385117,831.0
316.560062607,825.0
316.826266609,833.0
317.092463175,837.0
317.358652303,836.0
317.624833992,818.0
317.891008241,841.0
318.157175048,839.0
318.423334412,835.0
318.689486331,825.0
318.955630805,827.0
319.221767831,844.0
319.487897409,840.0
319.754019537,832.0
320.020134214,840.0
320.286241438,833.0
320.552341208,843.0
320.818433523,831.0
321.084518381,823.0
321.350595781,833.0
321.616665721,846.0
321.882728201,831.0
322.148783218,844.0
322.414830772,841.0
322.680870861,836.0
322.946903484,818.0
323.212928639,826.0
323.478946325,837.0
323.744956541,842.0
324.010959285,826.0
324.276954555,820.0
324.542942352,835.0
324.808922672,851.0
325.074895516,842.0
325.340860881,829.0
325.606818766,833.0
325.872769169,841.0
326.13871209,823.0
326.404647527,828.0
326.670575479,841.0
326.936495944,849.0
327.202408921,823.0
327.468314408,825.0
327.734212404,823.0
328.000102909,845.0
328.26598592,828.0
328.531861435,835.0
328.797729455,833.0
329.063589977,841.0
329.329443,829.0
329.595288523,825.0
329.861126543,826.0
330.126957061,839.0
330.392780075,831.0
330.658595582,836.0
330.924403582,827.0
331.190204074,820.0
331.455997056,828.0
331.721782526,837.0
331.987560484,839.0
332.253330928,829.0
332.519093857,818.0
332.784849269,826.0
333.050597162,830.0
333.316337537,850.0
333.58207039,840.0
333.847795721,841.0
334.113513529,834.0
334.379223812,842.0
334.644926568,845.0
334.910621797,831.0
335.176309497,838.0
335.441989666,836.0
335.707662304,820.0
335.973327409,826.0
336.238984979,832.0
336.504635013,837.0
336.770277511,840.0
337.035912469,846.0
337.301539888,836.0
337.567159765,832.0
337.8327721,829.0
338.098376891,815.0
338.363974136,824.0
338.629563835,837.0
338.895145986,823.0
339.160720587,839.0
339.426287637,835.0
339.691847135,846.0
339.95739908,838.0
340.22294347,841.0
340.488480303,833.0
340.754009579,833.0
341.019531295,835.0
341.285045452,823.0
341.550552047,833.0
341.816051078,841.0
342.081542545,838.0
342.347026446,824.0
342.61250278,837.0
342.877971546,836.0
343.143432742,840.0
343.408886366,839.0
343.674332418,831.0
343.939770895,826.0
344.205201798,836.0
344.470625123,830.0
344.736040871,825.0
345.001449039,830.0
345.266849626,843.0
345.532242631,838.0
345.797628052,840.0
346.063005889,838.0
346.328376139,824.0
346.593738802,830.0
346.859093876,842.0
347.124441359,821.0
347.38978125,836.0
347.655113549,834.0
347.920438253,834.0
348.185755361,840.0
348.451064872,833.0
348.716366784,835.0
348.981661097,828.0
349.246947808,833.0
349.512226917,846.0
349.777498421,847.0
350.04276232,829.0
350.308018613,824.0
350.573267297,838.0
350.838508372,834.0
351.103741836,821.0
351.368967688,839.0
351.634185926,824.0
351.89939655,828.0
352.164599557,842.0
352.429794946,836.0
352.694982717,830.0
352.960162867,833.0
353.225335395,830.0
353.490500301,832.0
353.755657582,836.0
354.020807237,840.0
354.285949264,836.0
354.551083664,834.0
354.816210433,837.0
355.081329571,847.0
355.346441077,838.0
355.611544948,830.0
355.876641184,828.0
356.141729783,830.0
356.406810745,827.0
356.671884066,825.0
356.936949747,833.0
357.202007786,830.0
357.467058181,831.0
357.732100932,842.0
357.997136036,833.0
358.262163492,845.0
358.527183299,841.0
358.792195456,828.0
359.057199961,822.0
359.322196814,827.0
359.587186011,829.0
359.852167553,824.0
360.117141438,836.0
360.382107664,827.0
360.64706623,839.0
360.912017135,835.0
361.176960377,833.0
361.441895956,847.0
361.706823869,848.0
361.971744115,844.0
362.236656693,830.0
362.501561602,824.0
362.766458839,834.0
363.031348405,829.0
363.296230297,819.0
363.561104514,818.0
363.825971055,831.0
364.090829918,835.0
364.355681102,827.0
364.620524606,836.0
364.885360428,841.0
365.150188567,845.0
365.415009022,824.0
365.679821791,832.0
365.944626872,833.0
366.209424265,845.0
366.474213968,835.0
366.73899598,843.0
367.003770299,854.0
367.268536924,847.0
367.533295854,826.0
367.798047087,837.0
368.062790622,853.0
368.327526458,833.0
368.592254592,829.0
368.856975025,840.0
369.121687753,834.0
369.386392777,839.0
369.651090095,828.0
369.915779705,833.0
370.180461606,840.0
370.445135797,833.0
370.709802276,840.0
370.974461042,855.0
371.239112093,844.0
371.503755429,830.0
371.768391047,829.0
372.033018947,836.0
372.297639127,833.0
372.562251585,832.0
372.826856321,830.0
373.091453333,843.0
373.35604262,847.0
373.62062418,840.0
373.885198012,841.0
374.149764114,841.0
374.414322485,834.0
374.678873125,843.0
374.94341603,840.0
375.207951201,840.0
375.472478636,843.0
375.736998333,817.0
376.001510291,829.0
376.266014508,836.0
376.530510984,828.0
376.794999717,840.0
377.059480705,838.0
377.323953947,851.0
377.588419442,838.0
377.852877189,838.0
378.117327186,829.0
378.381769431,823.0
378.646203924,831.0
378.910630663,835.0
379.175049646,838.0
379.439460873,844.0
379.703864342,840.0
379.968260051,841.0
380.232647999,829.0
380.497028185,840.0
380.761400608,834.0
381.025765265,836.0
381.290122157,824.0
381.55447128,842.0
381.818812635,827.0
382.083146219,833.0
382.347472032,822.0
382.611790072,837.0
382.876100337,842.0
383.140402826,838.0
383.404697538,836.0
383.668984471,841.0
383.933263625,839.0
384.197534997,839.0
384.461798587,830.0
384.726054392,817.0
384.990302413,833.0
385.254542646,836.0
385.518775091,842.0
385.782999747,849.0
386.047216613,842.0
386.311425685,835.0
386.575626965,829.0
386.839820449,823.0
387.104006137,832.0
387.368184028,828.0
387.63235412,827.0
387.896516411,837.0
388.1606709,836.0
388.424817586,845.0
388.688956468,839.0
388.953087544,852.0
389.217210813,853.0
389.481326273,842.0
389.745433924,834.0
390.009533763,832.0
390.273625789,838.0
390.537710002,828.0
390.801786399,835.0
391.065854979,833.0
391.329915741,837.0
391.593968684,830.0
391.858013806,824.0
392.122051106,846.0
392.386080582,829.0
392.650102233,837.0
392.914116058,826.0
393.178122056,831.0
393.442120224,824.0
393.706110562,835.0
393.970093068,843.0
394.234067741,841.0
394.49803458,841.0
394.761993583,844.0
395.025944748,845.0
395.289888075,838.0
395.553823562,830.0
395.817751208,848.0
396.081671012,837.0
396.345582971,838.0
396.609487085,842.0
396.873383352,841.0
397.137271771,839.0
397.40115234,839.0
397.665025059,849.0
397.928889926,843.0
398.192746939,833.0
398.456596097,829.0
398.720437398,821.0
398.984270843,836.0
399.248096428,836.0
399.511914152,837.0
399.775724015,839.0
400.039526015,837.0
400.303320151,839.0
400.56710642,849.0
400.830884823,844.0
401.094655357,838.0
401.358418021,831.0
401.622172813,837.0
401.885919733,842.0
402.149658779,837.0
402.41338995,834.0
402.677113244,827.0
402.94082866,833.0
403.204536196,839.0
403.468235852,836.0
403.731927625,824.0
403.995611515,824.0
404.25928752,839.0
404.522955638,828.0
404.786615869,834.0
405.050268211,851.0
405.313912663,836.0
405.577549222,840.0
405.841177889,845.0
406.104798661,845.0
406.368411538,845.0
406.632016517,845.0
406.895613598,842.0
407.159202778,830.0
407.422784058,842.0
407.686357435,844.0
407.949922907,831.0
408.213480475,844.0
408.477030135,854.0
408.740571888,855.0
409.004105731,844.0
409.267631663,846.0
409.531149684,821.0
409.79465979,839.0
410.058161982,857.0
410.321656257,841.0
410.585142615,846.0
410.848621053,836.0
411.112091572,843.0
411.375554168,848.0
411.639008842,850.0
411.902455591,850.0
412.165894414,842.0
412.42932531,860.0
412.692748277,853.0
412.956163315,854.0
413.219570421,841.0
413.482969595,855.0
413.746360834,840.0
414.009744138,833.0
414.273119506,840.0
414.536486935,850.0
414.799846425,848.0
415.063197974,862.0
415.326541581,849.0
415.589877244,844.0
415.853204963,850.0
416.116524735,842.0
416.379836559,842.0
416.643140435,859.0
416.90643636,852.0
417.169724333,865.0
417.433004353,856.0
417.696276419,840.0
417.959540529,860.0
418.222796682,873.0
418.486044876,868.0
418.74928511,845.0
419.012517383,850.0
419.275741694,865.0
419.53895804,867.0
419.802166421,870.0
420.065366835,867.0
420.328559281,869.0
420.591743758,870.0
420.854920264,861.0
421.118088797,872.0
421.381249357,885.0
421.644401943,881.0
421.907546551,881.0
422.170683183,883.0
422.433811835,881.0
422.696932507,884.0
422.960045197,891.0
423.223149904,896.0
423.486246626,902.0
423.749335363,907.0
424.012416113,905.0
424.275488874,926.0
424.538553645,914.0
424.801610424,921.0
425.064659211,925.0
425.327700004,932.0
425.590732802,929.0
425.853757603,941.0
426.116774406,952.0
426.379783209,939.0
426.642784012,948.0
426.905776812,965.0
427.168761609,981.0
427.431738401,975.0
427.694707187,969.0
427.957667965,978.0
428.220620734,1003.0
428.483565492,1004.0
428.746502239,1024.0
429.009430973,1028.0
429.272351692,1046.0
429.535264395,1054.0
429.798169082,1060.0
430.061065749,1062.0
430.323954397,1073.0
430.586835024,1085.0
430.849707628,1109.0
431.112572207,1135.0
431.375428762,1145.0
431.638277289,1180.0
431.901117789,1163.0
432.163950259,1188.0
432.426774699,1208.0
432.689591106,1228.0
432.952399479,1243.0
433.215199818,1268.0
433.47799212,1274.0
433.740776385,1294.0
434.003552611,1310.0
434.266320796,1343.0
434.52908094,1388.0
434.79183304,1404.0
435.054577096,1426.0
435.317313106,1456.0
435.580041069,1482.0
435.842760984,1527.0
436.105472848,1543.0
436.368176661,1553.0
436.630872422,1585.0
436.893560128,1643.0
437.15623978,1668.0
437.418911374,1690.0
437.68157491,1744.0
437.944230387,1795.0
438.206877803,1830.0
438.469517157,1884.0
438.732148447,1912.0
438.994771673,1952.0
439.257386832,1974.0
439.519993923,2033.0
439.782592946,2095.0
440.045183898,2145.0
440.307766778,2190.0
440.570341585,2241.0
440.832908318,2286.0
441.095466975,2333.0
441.358017555,2399.0
441.620560056,2462.0
441.883094477,2518.0
442.145620817,2582.0
442.408139074,2630.0
442.670649248,2733.0
442.933151335,2807.0
443.195645337,2864.0
443.45813125,2946.0
443.720609073,3054.0
443.983078806,3108.0
444.245540447,3167.0
444.507993994,3238.0
444.770439446,3327.0
445.032876802,3409.0
445.29530606,3500.0
445.557727219,3580.0
445.820140278,3693.0
446.082545235,3792.0
446.344942089,3864.0
446.607330838,3950.0
446.869711482,4089.0
447.132084018,4194.0
447.394448446,4317.0
447.656804764,4402.0
447.91915297,4523.0
448.181493064,4632.0
448.443825044,4762.0
448.706148909,4906.0
448.968464657,5033.0
449.230772287,5168.0
449.493071797,5270.0
449.755363187,5368.0
450.017646454,5539.0
450.279921598,5699.0
450.542188616,5783.0
450.804447509,5955.0
451.066698274,6122.0
451.32894091,6254.0
451.591175415,6368.0
451.853401789,6492.0
452.115620029,6672.0
452.377830136,6841.0
452.640032106,6960.0
452.902225939,7104.0
453.164411634,7221.0
453.426589188,7349.0
453.688758602,7463.0
453.950919872,7633.0
454.213072999,7777.0
454.47521798,7897.0
454.737354815,8044.0
454.999483501,8208.0
455.261604038,8334.0
455.523716425,8458.0
455.785820659,8609.0
456.047916739,8776.0
456.310004665,8869.0
456.572084434,8958.0
456.834156045,9047.0
457.096219498,9152.0
457.35827479,9272.0
457.62032192,9419.0
457.882360888,9515.0
458.144391691,9570.0
458.406414328,9585.0
458.668428797,9693.0
458.930435099,9752.0
459.19243323,9744.0
459.45442319,9810.0
459.716404978,9899.0
459.978378591,9957.0
460.240344029,9896.0
460.50230129,9943.0
460.764250373,10053.0
461.026191277,9975.0
461.288124,10008.0
461.550048541,10013.0
461.811964898,10033.0
462.07387307,10021.0
462.335773056,9983.0
462.597664854,9940.0
462.859548463,9908.0
463.121423882,9947.0
463.383291109,9932.0
463.645150143,9829.0
463.907000983,9786.0
464.168843627,9735.0
464.430678073,9669.0
464.692504321,9609.0
464.954322369,9588.0
465.216132216,9519.0
465.47793386,9487.0
465.7397273,9417.0
466.001512535,9339.0
466.263289563,9282.0
466.525058383,9229.0
466.786818993,9156.0
467.048571393,9104.0
467.31031558,9068.0
467.572051554,8961.0
467.833779313,8874.0
468.095498855,8828.0
468.35721018,8723.0
468.618913286,8664.0
468.880608172,8648.0
469.142294835,8605.0
469.403973276,8575.0
469.665643492,8503.0
469.927305483,8442.0
470.188959246,8449.0
470.45060478,8383.0
470.712242085,8245.0
470.973871159,8241.0
471.235491999,8242.0
471.497104606,8145.0
471.758708978,8072.0
472.020305112,8085.0
472.281893009,8065.0
472.543472666,8023.0
472.805044082,7976.0
473.066607256,7943.0
473.328162186,7940.0
473.589708872,7857.0
473.851247311,7769.0
474.112777503,7757.0
474.374299446,7744.0
474.635813138,7660.0
474.897318578,7654.0
475.158815766,7627.0
475.420304698,7575.0
475.681785376,7526.0
475.943257795,7505.0
476.204721957,7438.0
476.466177858,7432.0
476.727625498,7386.0
476.989064876,7271.0
477.250495989,7244.0
477.511918837,7236.0
477.773333418,7202.0
478.034739732,7073.0
478.296137775,7055.0
478.557527548,7024.0
478.818909049,6919.0
479.080282276,6901.0
479.341647228,6855.0
479.603003904,6837.0
479.864352302,6808.0
480.125692422,6673.0
480.387024261,6632.0
480.648347818,6535.0
480.909663092,6503.0
481.170970081,6403.0
481.432268785,6381.0
481.693559201,6331.0
481.954841329,6280.0
482.216115167,6185.0
482.477380714,6097.0
482.738637968,6016.0
482.999886928,5947.0
483.261127593,5900.0
483.522359961,5900.0
483.783584031,5808.0
484.044799801,5773.0
484.306007271,5680.0
484.567206438,5614.0
484.828397302,5546.0
485.089579861,5464.0
485.350754113,5408.0
485.611920058,5302.0
485.873077694,5250.0
486.13422702,5268.0
486.395368034,5171.0
486.656500734,5078.0
486.91762512,4987.0
487.178741191,4933.0
487.439848944,4887.0
487.700948379,4848.0
487.962039493,4755.0
488.223122287,4672.0
488.484196757,4660.0
488.745262904,4599.0
489.006320726,4524.0
489.26737022,4465.0
489.528411387,4432.0
489.789444224,4356.0
490.05046873,4307.0
490.311484904,4318.0
490.572492744,4243.0
490.83349225,4157.0
491.094483419,4119.0
491.355466251,4016.0
491.616440743,3988.0
491.877406895,3975.0
492.138364706,3934.0
492.399314173,3866.0
492.660255296,3812.0
492.921188073,3795.0
493.182112503,3701.0
493.443028584,3683.0
493.703936315,3665.0
493.964835695,3589.0
494.225726723,3538.0
494.486609396,3472.0
494.747483714,3431.0
495.008349675,3381.0
495.269207278,3314.0
495.530056522,3283.0
495.790897405,3250.0
496.051729926,3191.0
496.312554083,3148.0
496.573369875,3139.0
496.834177301,3080.0
497.094976359,3042.0
497.355767048,3014.0
497.616549367,2971.0
497.877323314,2922.0
498.138088888,2880.0
498.398846087,2800.0
498.659594911,2804.0
498.920335357,2781.0
499.181067425,2739.0
499.441791113,2698.0
499.70250642,2671.0
499.963213344,2621.0
500.223911884,2588.0
500.484602038,2549.0
500.745283806,2480.0
501.005957186,2468.0
501.266622176,2455.0
501.527278776,2416.0
501.787926983,2382.0
502.048566797,2374.0
502.309198216,2306.0
502.569821238,2274.0
502.830435863,2260.0
503.091042089,2250.0
503.351639914,2214.0
503.612229338,2207.0
503.872810358,2172.0
504.133382974,2126.0
504.393947185,2142.0
504.654502988,2101.0
504.915050382,2064.0
505.175589367,2022.0
505.43611994,2013.0
505.696642101,1974.0
505.957155847,1959.0
506.217661179,1942.0
506.478158093,1909.0
506.73864659,1884.0
506.999126666,1849.0
507.259598323,1840.0
507.520061556,1849.0
507.780516367,1851.0
508.040962752,1813.0
508.301400711,1787.0
508.561830243,1789.0
508.822251345,1765.0
509.082664017,1734.0
509.343068257,1743.0
509.603464065,1728.0
509.863851437,1705.0
510.124230374,1660.0
510.384600874,1653.0
510.644962935,1657.0
510.905316556,1636.0
511.165661736,1620.0
511.425998473,1607.0
511.686326766,1595.0
511.946646614,1572.0
512.206958015,1564.0
512.467260968,1571.0
512.727555472,1568.0
512.987841525,1535.0
513.248119125,1501.0
513.508388272,1509.0
513.768648964,1495.0
514.0289012,1483.0
514.289144978,1490.0
514.549380297,1477.0
514.809607155,1463.0
515.069825552,1443.0
515.330035486,1420.0
515.590236955,1424.0
515.850429959,1425.0
516.110614495,1403.0
516.370790563,1399.0
516.630958161,1393.0
516.891117287,1385.0
517.151267941,1369.0
517.411410121,1364.0
517.671543825,1364.0
517.931669053,1343.0
518.191785803,1327.0
518.451894073,1324.0
518.711993862,1325.0
518.972085169,1303.0
519.232167993,1293.0
519.492242331,1302.0
519.752308183,1278.0
520.012365548,1263.0
520.272414424,1269.0
520.532454809,1270.0
520.792486702,1252.0
521.052510103,1245.0
521.312525009,1241.0
521.572531419,1237.0
521.832529332,1246.0
522.092518746,1242.0
522.35249966,1225.0
522.612472073,1215.0
522.872435984,1215.0
523.13239139,1209.0
523.392338291,1217.0
523.652276686,1183.0
523.912206572,1166.0
524.172127948,1182.0
524.432040814,1177.0
524.691945168,1179.0
524.951841008,1170.0
525.211728333,1156.0
525.471607142,1150.0
525.731477433,1156.0
525.991339206,1142.0
526.251192457,1122.0
526.511037187,1155.0
526.770873394,1138.0
527.030701077,1124.0
527.290520234,1124.0
527.550330863,1125.0
527.810132964,1123.0
528.069926535,1114.0
528.329711575,1109.0
528.589488082,1102.0
528.849256055,1107.0
529.109015492,1096.0
529.368766393,1104.0
529.628508756,1108.0
529.888242579,1103.0
530.147967862,1096.0
530.407684602,1086.0
530.667392798,1077.0
530.92709245,1071.0
531.186783556,1088.0
531.446466114,1089.0
531.706140122,1070.0
531.965805581,1068.0
532.225462487,1069.0
532.485110841,1072.0
532.74475064,1068.0
533.004381883,1068.0
533.264004569,1058.0
533.523618697,1061.0
533.783224264,1064.0
534.04282127,1074.0
534.302409714,1051.0
534.561989594,1044.0
534.821560908,1058.0
535.081123655,1054.0
535.340677835,1045.0
535.600223444,1046.0
535.859760483,1044.0
536.11928895,1039.0
536.378808843,1031.0
536.638320162,1037.0
536.897822904,1046.0
537.157317068,1043.0
537.416802654,1035.0
537.676279659,1046.0
537.935748082,1043.0
538.195207922,1054.0
538.454659177,1041.0
538.714101847,1045.0
538.97353593,1052.0
539.232961424,1053.0
539.492378328,1065.0
539.751786641,1075.0
540.011186361,1072.0
540.270577487,1078.0
540.529960018,1099.0
540.789333952,1091.0
541.048699288,1089.0
541.308056024,1108.0
541.56740416,1129.0
541.826743693,1100.0
542.086074623,1113.0
542.345396948,1117.0
542.604710666,1117.0
542.864015777,1094.0
543.123312279,1090.0
543.382600171,1089.0
543.64187945,1084.0
543.901150117,1101.0
544.160412169,1110.0
544.419665606,1102.0
544.678910425,1105.0
544.938146625,1109.0
545.197374206,1110.0
545.456593165,1126.0
545.715803502,1139.0
545.975005215,1144.0
546.234198302,1133.0
546.493382763,1126.0
546.752558595,1124.0
547.011725798,1126.0
547.27088437,1102.0
547.53003431,1108.0
547.789175616,1095.0
548.048308288,1084.0
548.307432323,1074.0
548.566547721,1060.0
548.825654479,1064.0
549.084752597,1050.0
549.343842073,1044.0
549.602922907,1012.0
549.861995095,1025.0
550.121058638,1013.0
550.380113534,1008.0
550.639159781,1002.0
550.898197378,998.0
551.157226324,988.0
551.416246617,984.0
551.675258257,965.0
551.93426124,964.0
552.193255568,982.0
552.452241236,977.0
552.711218246,950.0
552.970186595,956.0
553.229146281,960.0
553.488097304,962.0
553.747039662,964.0
554.005973354,951.0
554.264898378,958.0
554.523814733,950.0
554.782722417,954.0
555.04162143,940.0
555.30051177,937.0
555.559393435,943.0
555.818266425,937.0
556.077130737,933.0
556.33598637,936.0
556.594833324,934.0
556.853671597,926.0
557.112501186,942.0
557.371322092,935.0
557.630134313,927.0
557.888937846,927.0
558.147732692,916.0
558.406518848,917.0
558.665296313,928.0
558.924065086,932.0
559.182825165,929.0
559.44157655,918.0
559.700319238,918.0
559.959053229,939.0
560.21777852,926.0
560.476495111,914.0
560.735203001,911.0
560.993902187,914.0
561.252592669,902.0
561.511274445,922.0
561.769947513,907.0
562.028611874,920.0
562.287267524,926.0
562.545914463,927.0
562.804552689,912.0
563.063182201,922.0
563.321802998,919.0
563.580415078,919.0
563.839018441,917.0
564.097613083,912.0
564.356199005,914.0
564.614776204,915.0
564.87334468,916.0
565.131904431,893.0
565.390455456,902.0
565.648997753,907.0
565.907531321,897.0
566.166056159,913.0
566.424572265,908.0
566.683079637,908.0
566.941578276,899.0
567.200068178,907.0
567.458549344,891.0
567.71702177,893.0
567.975485457,910.0
568.233940402,916.0
568.492386605,898.0
568.750824064,902.0
569.009252778,897.0
569.267672744,899.0
569.526083963,906.0
569.784486432,902.0
570.04288015,916.0
570.301265116,890.0
570.559641329,889.0
570.818008786,894.0
571.076367487,896.0
571.334717431,893.0
571.593058615,888.0
571.85139104,883.0
572.109714702,884.0
572.368029601,893.0
572.626335736,905.0
572.884633105,885.0
573.142921707,897.0
573.40120154,893.0
573.659472603,896.0
573.917734895,892.0
574.175988415,881.0
574.43423316,890.0
574.69246913,882.0
574.950696323,883.0
575.208914738,890.0
575.467124374,902.0
575.725325228,901.0
575.983517301,909.0
576.24170059,895.0
576.499875094,901.0
576.758040812,904.0
577.016197742,910.0
577.274345883,908.0
577.532485233,891.0
577.790615792,893.0
578.048737558,909.0
578.306850529,909.0
578.564954705,910.0
578.823050083,901.0
579.081136663,918.0
579.339214443,912.0
579.597283421,917.0
579.855343597,914.0
580.113394969,922.0
580.371437535,922.0
580.629471295,920.0
580.887496246,900.0
581.145512389,894.0
581.40351972,903.0
581.661518239,905.0
581.919507944,902.0
582.177488835,912.0
582.435460909,912.0
582.693424166,919.0
582.951378603,906.0
583.20932422,919.0
583.467261016,904.0
583.725188988,910.0
583.983108136,910.0
584.241018458,927.0
584.498919952,901.0
584.756812619,905.0
585.014696455,917.0
585.27257146,914.0
585.530437632,923.0
585.788294971,922.0
586.046143473,908.0
586.30398314,915.0
586.561813968,923.0
586.819635956,927.0
587.077449104,940.0
587.335253409,922.0
587.593048871,924.0
587.850835488,917.0
588.108613259,919.0
588.366382182,930.0
588.624142256,918.0
588.88189348,917.0
589.139635852,909.0
589.39736937,913.0
589.655094035,911.0
589.912809843,903.0
590.170516794,927.0
590.428214887,917.0
590.68590412,910.0
590.943584491,912.0
591.201256,906.0
591.458918645,923.0
591.716572424,910.0
591.974217337,917.0
592.231853381,918.0
592.489480556,909.0
592.74709886,917.0
593.004708292,916.0
593.262308851,896.0
593.519900534,908.0
593.777483342,899.0
594.035057271,883.0
594.292622322,880.0
594.550178492,892.0
594.80772578,880.0
595.065264185,885.0
595.322793706,896.0
595.580314341,894.0
595.837826089,900.0
596.095328948,874.0
596.352822917,877.0
596.610307995,893.0
596.86778418,877.0
597.125251471,866.0
597.382709867,869.0
597.640159366,894.0
597.897599967,889.0
598.155031669,888.0
598.412454469,882.0
598.669868368,886.0
598.927273363,894.0
599.184669453,883.0
599.442056636,883.0
599.699434912,884.0
599.956804279,881.0
600.214164736,882.0
600.471516281,879.0
600.728858912,884.0
600.98619263,876.0
601.243517431,876.0
601.500833315,888.0
601.758140281,896.0
602.015438326,884.0
602.272727451,871.0
602.530007652,871.0
602.78727893,865.0
603.044541282,861.0
603.301794708,862.0
603.559039205,864.0
603.816274773,872.0
604.07350141,857.0
604.330719115,866.0
604.587927887,874.0
604.845127723,881.0
605.102318623,872.0
605.359500586,869.0
605.616673609,874.0
605.873837692,870.0
606.130992833,859.0
606.388139032,874.0
606.645276285,872.0
606.902404593,877.0
607.159523954,875.0
607.416634366,879.0
607.673735828,882.0
607.930828339,880.0
608.187911897,886.0
608.444986501,919.0
608.70205215,925.0
608.959108842,932.0
609.216156576,944.0
609.47319535,964.0
609.730225163,997.0
609.987246015,1027.0
610.244257903,1044.0
610.501260825,1092.0
610.758254782,1102.0
611.015239771,1094.0
611.272215791,1106.0
611.52918284,1119.0
611.786140918,1106.0
612.043090022,1130.0
612.300030153,1120.0
612.556961307,1106.0
612.813883484,1082.0
613.070796682,1068.0
613.327700901,1042.0
613.584596138,1026.0
613.841482393,1008.0
614.098359663,1006.0
614.355227949,986.0
614.612087247,968.0
614.868937557,961.0
615.125778878,957.0
615.382611208,936.0
615.639434546,931.0
615.89624889,920.0
616.153054239,918.0
616.409850592,918.0
616.666637948,921.0
616.923416304,900.0
617.18018566,896.0
617.436946014,900.0
617.693697365,900.0
617.950439712,892.0
618.207173052,886.0
618.463897386,882.0
618.720612711,892.0
618.977319026,885.0
619.234016329,869.0
619.49070462,874.0
619.747383897,886.0
620.004054159,879.0
620.260715404,888.0
620.517367631,882.0
620.774010838,884.0
621.030645024,879.0
621.287270189,878.0
621.543886329,887.0
621.800493445,881.0
622.057091534,879.0
622.313680596,886.0
622.570260629,888.0
622.826831631,890.0
623.083393602,897.0
623.339946539,886.0
623.596490442,896.0
623.853025309,896.0
624.109551139,889.0
624.36606793,885.0
624.622575682,898.0
624.879074392,885.0
625.135564059,882.0
625.392044683,879.0
625.648516261,876.0
625.904978792,884.0
626.161432275,889.0
626.417876709,886.0
626.674312092,890.0
626.930738422,888.0
627.187155699,882.0
627.443563922,877.0
627.699963087,881.0
627.956353196,888.0
628.212734245,893.0
628.469106233,890.0
628.72546916,883.0
628.981823024,880.0
629.238167824,888.0
629.494503557,900.0
629.750830223,903.0
630.007147821,896.0
630.263456349,884.0
630.519755806,896.0
630.776046189,895.0
631.032327499,897.0
631.288599734,885.0
631.544862891,891.0
631.801116971,896.0
632.057361971,896.0
632.31359789,893.0
632.569824727,889.0
632.826042481,875.0
633.082251149,881.0
633.338450732,873.0
633.594641226,864.0
633.850822632,875.0
634.106994947,879.0
634.36315817,880.0
634.6193123,854.0
634.875457336,856.0
635.131593276,869.0
635.387720119,870.0
635.643837863,869.0
635.899946507,867.0
636.15604605,862.0
636.41213649,859.0
636.668217827,864.0
636.924290058,858.0
637.180353182,870.0
637.436407198,868.0
637.692452104,857.0
637.9484879,874.0
638.204514583,873.0
638.460532153,859.0
638.716540608,856.0
638.972539947,855.0
639.228530167,876.0
639.484511269,865.0
639.740483251,870.0
639.996446111,858.0
640.252399847,863.0
640.50834446,863.0
640.764279946,863.0
641.020206305,862.0
641.276123536,859.0
641.532031636,850.0
641.787930605,860.0
642.043820442,868.0
642.299701145,864.0
642.555572712,855.0
642.811435142,850.0
643.067288435,850.0
643.323132588,851.0
643.5789676,856.0
643.83479347,864.0
644.090610196,862.0
644.346417777,856.0
644.602216212,858.0
644.858005499,847.0
645.113785638,860.0
645.369556626,858.0
645.625318462,856.0
645.881071145,856.0
646.136814673,850.0
646.392549046,867.0
646.648274262,863.0
646.903990319,878.0
647.159697216,858.0
647.415394951,849.0
647.671083524,853.0
647.926762933,855.0
648.182433177,853.0
648.438094254,853.0
648.693746163,870.0
648.949388902,852.0
649.20502247,858.0
649.460646866,863.0
649.716262089,861.0
649.971868137,876.0
650.227465008,868.0
650.483052702,859.0
650.738631217,859.0
650.994200551,858.0
651.249760703,868.0
651.505311673,866.0
651.760853458,869.0
652.016386057,866.0
652.271909469,876.0
652.527423692,879.0
652.782928725,873.0
653.038424567,865.0
653.293911217,861.0
653.549388672,853.0
653.804856932,846.0
654.060315995,855.0
654.315765861,860.0
654.571206526,857.0
654.826637991,847.0
655.082060254,841.0
655.337473312,845.0
655.592877167,849.0
655.848271814,849.0
656.103657254,857.0
656.359033485,854.0
656.614400506,857.0
656.869758315,863.0
657.125106911,849.0
657.380446292,851.0
657.635776458,858.0
657.891097406,856.0
658.146409135,857.0
658.401711645,848.0
658.657004934,853.0
658.912288999,867.0
659.167563841,860.0
659.422829458,853.0
659.678085847,848.0
659.933333009,865.0
660.188570941,858.0
660.443799642,860.0
660.699019111,863.0
660.954229346,856.0
661.209430346,850.0
661.46462211,849.0
661.719804637,848.0
661.974977924,855.0
662.230141971,873.0
662.485296777,856.0
662.740442339,853.0
662.995578656,866.0
663.250705728,854.0
663.505823553,861.0
663.760932129,865.0
664.016031455,874.0
664.27112153,862.0
664.526202352,861.0
664.78127392,874.0
665.036336233,869.0
665.291389289,864.0
665.546433086,868.0
665.801467625,855.0
666.056492902,854.0
666.311508918,855.0
666.566515669,861.0
666.821513156,863.0
667.076501376,863.0
667.331480329,863.0
667.586450013,863.0
667.841410426,872.0
668.096361568,873.0
668.351303436,861.0
668.606236031,862.0
668.861159349,868.0
669.11607339,876.0
669.370978152,860.0
669.625873634,858.0
669.880759836,868.0
670.135636754,868.0
670.390504388,872.0
670.645362737,875.0
670.9002118,867.0
671.155051574,877.0
671.409882059,870.0
671.664703252,867.0
671.919515154,877.0
672.174317762,879.0
672.429111075,878.0
672.683895092,886.0
672.938669811,876.0
673.193435231,872.0
673.448191351,878.0
673.702938169,872.0
673.957675684,874.0
674.212403894,872.0
674.467122799,881.0
674.721832396,887.0
674.976532685,875.0
675.231223663,879.0
675.485905331,888.0
675.740577686,889.0
675.995240726,884.0
676.249894452,874.0
676.50453886,889.0
676.759173951,891.0
677.013799722,889.0
677.268416172,896.0
677.5230233,896.0
677.777621104,881.0
678.032209584,880.0
678.286788737,874.0
678.541358562,872.0
678.795919059,870.0
679.050470225,889.0
679.305012059,885.0
679.55954456,887.0
679.814067727,892.0
680.068581558,896.0
680.323086051,883.0
680.577581206,899.0
680.832067022,887.0
681.086543495,896.0
681.341010626,904.0
681.595468414,904.0
681.849916855,883.0
682.10435595,887.0
682.358785697,897.0
682.613206094,898.0
682.867617141,894.0
683.122018835,901.0
683.376411176,887.0
683.630794161,878.0
683.885167791,898.0
684.139532063,906.0
684.393886975,896.0
684.648232528,900.0
684.902568718,903.0
685.156895546,893.0
685.411213009,894.0
685.665521106,903.0
685.919819836,902.0
686.174109197,890.0
686.428389189,888.0
686.682659809,893.0
686.936921056,897.0
687.19117293,906.0
687.445415428,900.0
687.699648549,904.0
687.953872292,890.0
688.208086656,898.0
688.462291639,901.0
688.716487239,913.0
688.970673456,898.0
689.224850288,908.0
689.479017734,902.0
689.733175792,890.0
689.987324461,896.0
690.24146374,901.0
690.495593627,904.0
690.74971412,897.0
691.00382522,903.0
691.257926923,906.0
691.512019229,891.0
691.766102137,898.0
692.020175645,906.0
692.274239751,902.0
692.528294455,896.0
692.782339755,896.0
693.036375649,902.0
693.290402137,916.0
693.544419216,913.0
693.798426886,914.0
694.052425145,904.0
694.306413992,912.0
694.560393425,910.0
694.814363444,908.0
695.068324046,901.0
695.32227523,902.0
695.576216995,898.0
695.83014934,901.0
696.084072264,904.0
696.337985764,904.0
696.591889839,889.0
696.845784489,901.0
697.099669712,898.0
697.353545506,913.0
697.60741187,891.0
697.861268802,886.0
698.115116302,884.0
698.368954368,893.0
698.622782999,897.0
698.876602193,891.0
699.130411948,897.0
699.384212265,894.0
699.63800314,888.0
699.891784573,888.0
700.145556563,879.0
700.399319108,890.0
700.653072206,886.0
700.906815857,874.0
701.160550058,887.0
701.41427481,876.0
701.667990109,889.0
701.921695955,898.0
702.175392347,891.0
702.429079283,889.0
702.682756762,892.0
702.936424782,882.0
703.190083343,881.0
703.443732442,876.0
703.697372078,877.0
703.95100225,869.0
704.204622957,874.0
704.458234197,880.0
704.711835969,881.0
704.965428272,886.0
705.219011104,870.0
705.472584463,887.0
705.726148349,888.0
705.97970276,887.0
706.233247694,885.0
706.486783151,881.0
706.740309129,882.0
706.993825627,880.0
707.247332643,879.0
707.500830175,898.0
707.754318224,891.0
708.007796786,901.0
708.261265861,888.0
708.514725447,884.0
708.768175544,878.0
709.021616149,889.0
709.275047262,891.0
709.528468881,896.0
709.781881004,878.0
710.03528363,888.0
710.288676758,881.0
710.542060387,870.0
710.795434515,861.0
711.048799141,873.0
711.302154263,873.0
711.55549988,872.0
711.808835991,872.0
712.062162594,881.0
712.315479689,882.0
712.568787272,881.0
712.822085344,882.0
713.075373903,869.0
713.328652948,865.0
713.581922476,871.0
713.835182488,872.0
714.088432981,875.0
714.341673953,866.0
714.594905405,860.0
714.848127334,872.0
715.101339739,851.0
715.354542618,850.0
715.607735971,845.0
715.860919795,857.0
716.11409409,846.0
716.367258855,841.0
716.620414087,857.0
716.873559785,849.0
717.126695949,846.0
717.379822576,863.0
717.632939665,856.0
717.886047216,863.0
718.139145226,856.0
718.392233694,855.0
718.645312619,850.0
718.898382,851.0
719.151441835,860.0
719.404492122,853.0
719.657532862,848.0
719.910564051,857.0
720.163585688,857.0
720.416597774,850.0
720.669600305,851.0
720.92259328,848.0
721.175576699,848.0
721.42855056,848.0
721.681514861,848.0
721.934469602,853.0
722.18741478,852.0
722.440350395,849.0
722.693276445,851.0
722.946192928,852.0
723.199099844,833.0
723.451997191,824.0
723.704884967,853.0
723.957763171,849.0
724.210631803,840.0
724.46349086,850.0
724.716340341,847.0
724.969180245,849.0
725.22201057,844.0
725.474831315,849.0
725.727642479,843.0
725.980444061,837.0
726.233236058,838.0
726.48601847,838.0
726.738791295,843.0
726.991554532,827.0
727.24430818,838.0
727.497052237,849.0
727.749786701,837.0
728.002511572,839.0
728.255226848,836.0
728.507932528,846.0
728.76062861,841.0
729.013315093,833.0
729.265991975,830.0
729.518659256,824.0
729.771316934,838.0
730.023965007,846.0
730.276603474,840.0
730.529232334,840.0
730.781851586,836.0
731.034461228,837.0
731.287061258,847.0
731.539651676,850.0
731.792232479,844.0
732.044803667,848.0
732.297365239,846.0
732.549917192,846.0
732.802459526,840.0
733.054992239,834.0
733.30751533,837.0
733.560028797,837.0
733.812532639,838.0
734.065026855,830.0
734.317511443,845.0
734.569986402,843.0
734.822451731,834.0
735.074907428,835.0
735.327353492,836.0
735.579789921,838.0
735.832216715,835.0
736.084633871,840.0
736.337041389,837.0
736.589439267,839.0
736.841827503,850.0
737.094206097,839.0
737.346575047,844.0
737.598934352,834.0
737.851284009,839.0
738.103624019,852.0
738.355954379,859.0
738.608275088,845.0
738.860586145,834.0
739.112887548,836.0
739.365179297,837.0
739.617461389,837.0
739.869733823,842.0
740.121996599,838.0
740.374249714,841.0
740.626493167,850.0
740.878726957,833.0
741.130951083,838.0
741.383165543,844.0
741.635370335,836.0
741.887565459,834.0
742.139750913,842.0
742.391926696,836.0
742.644092806,828.0
742.896249242,838.0
743.148396003,846.0
743.400533087,824.0
743.652660492,838.0
743.904778219,837.0
744.156886264,834.0
744.408984627,833.0
744.661073307,844.0
744.913152301,846.0
745.16522161,836.0
745.41728123,832.0
745.669331162,840.0
745.921371403,830.0
746.173401953,838.0
746.425422809,835.0
746.677433971,837.0
746.929435437,842.0
747.181427206,848.0
747.433409276,849.0
747.685381646,841.0
747.937344315,831.0
748.189297282,835.0
748.441240544,830.0
748.693174101,841.0
748.945097951,859.0
749.197012093,842.0
749.448916525,837.0
749.700811247,836.0
749.952696256,830.0
750.204571552,830.0
750.456437133,837.0
750.708292997,840.0
750.960139144,838.0
751.211975572,835.0
751.46380228,835.0
751.715619265,837.0
751.967426528,840.0
752.219224066,852.0
752.471011878,834.0
752.722789963,826.0
752.974558319,843.0
753.226316946,835.0
753.478065841,834.0
753.729805004,837.0
753.981534432,841.0
754.233254125,836.0
754.484964081,849.0
754.736664299,843.0
754.988354778,837.0
755.240035516,822.0
755.491706512,829.0
755.743367764,831.0
755.995019271,837.0
756.246661031,845.0
756.498293044,839.0
756.749915309,841.0
757.001527822,844.0
757.253130584,843.0
757.504723593,841.0
757.756306847,827.0
758.007880345,832.0
758.259444087,838.0
758.510998069,844.0
758.762542292,851.0
759.014076753,836.0
759.265601452,834.0
759.517116387,832.0
759.768621556,828.0
760.020116958,835.0
760.271602593,829.0
760.523078457,830.0
760.774544551,830.0
761.026000873,827.0
761.277447421,833.0
761.528884195,827.0
761.780311192,832.0
762.031728411,836.0
762.283135851,829.0
762.534533511,858.0
762.785921389,842.0
763.037299484,836.0
763.288667794,834.0
763.540026319,835.0
763.791375056,825.0
764.042714005,833.0
764.294043164,827.0
764.545362531,834.0
764.796672106,839.0
765.047971887,832.0
765.299261873,821.0
765.550542061,813.0
765.801812452,842.0
766.053073043,842.0
766.304323833,833.0
766.555564821,842.0
766.806796005,837.0
767.058017385,838.0
767.309228958,839.0
767.560430723,833.0
767.81162268,841.0
768.062804826,834.0
768.31397716,829.0
768.565139681,836.0
768.816292388,839.0
769.067435278,828.0
769.318568352,841.0
769.569691607,837.0
769.820805042,832.0
770.071908656,836.0
770.323002447,834.0
770.574086414,840.0
770.825160555,837.0
771.07622487,829.0
771.327279357,828.0
771.578324014,831.0
771.82935884,837.0
772.080383834,824.0
772.331398995,816.0
772.582404321,840.0
772.83339981,843.0
773.084385462,834.0
773.335361274,832.0
773.586327246,834.0
773.837283377,836.0
774.088229664,837.0
774.339166107,830.0
774.590092704,823.0
774.841009453,822.0
775.091916355,840.0
775.342813406,829.0
775.593700606,837.0
775.844577953,830.0
776.095445446,835.0
776.346303084,829.0
776.597150865,825.0
776.847988788,825.0
777.098816851,836.0
777.349635053,831.0
777.600443394,824.0
777.85124187,823.0
778.102030482,827.0
778.352809228,832.0
778.603578105,834.0
778.854337114,832.0
779.105086252,836.0
779.355825519,824.0
779.606554912,831.0
779.857274431,829.0
780.107984074,830.0
780.35868384,830.0
780.609373728,825.0
780.860053735,825.0
781.110723861,823.0
781.361384104,829.0
781.612034464,828.0
781.862674938,834.0
782.113305525,824.0
782.363926224,824.0
782.614537033,820.0
782.865137952,830.0
783.115728978,823.0
783.366310111,818.0
783.616881349,825.0
783.867442691,820.0
784.117994135,837.0
784.368535679,833.0
784.619067324,827.0
784.869589067,825.0
785.120100906,827.0
785.370602841,833.0
785.621094871,825.0
785.871576993,827.0
786.122049206,827.0
786.372511509,832.0
786.622963902,828.0
786.873406381,818.0
787.123838947,825.0
787.374261597,816.0
787.62467433,828.0
787.875077145,826.0
788.125470041,821.0
788.375853015,826.0
788.626226068,828.0
788.876589197,829.0
789.126942401,833.0
789.377285679,825.0
789.627619029,830.0
789.87794245,827.0
790.128255941,833.0
790.378559499,825.0
790.628853125,817.0
790.879136816,827.0
791.129410572,833.0
791.37967439,825.0
791.629928269,834.0
791.880172209,835.0
792.130406207,833.0
792.380630263,838.0
792.630844375,822.0
792.881048541,821.0
793.13124276,832.0
793.381427031,833.0
793.631601353,823.0
793.881765724,826.0
794.131920143,834.0
794.382064608,827.0
794.632199118,826.0
794.882323672,834.0
795.132438268,824.0
795.382542905,822.0
795.632637582,814.0
795.882722297,825.0
796.132797049,826.0
796.382861836,832.0
796.632916658,827.0
796.882961512,824.0
797.132996398,823.0
797.383021314,823.0
797.633036258,826.0
797.88304123,809.0
798.133036227,818.0
798.38302125,829.0
798.632996295,825.0
798.882961363,832.0
799.132916451,827.0
799.382861558,834.0
799.632796682,832.0
799.882721824,829.0
800.13263698,831.0
800.38254215,814.0
800.632437332,834.0
800.882322526,818.0
801.132197728,832.0
801.38206294,822.0
801.631918158,827.0
801.881763381,821.0
802.131598609,825.0
802.381423839,832.0
802.631239071,822.0
802.881044303,819.0
803.130839533,820.0
803.380624761,828.0
803.630399985,838.0
803.880165203,830.0
804.129920415,825.0
804.379665618,820.0
804.629400813,823.0
804.879125996,822.0
805.128841167,825.0
805.378546324,832.0
805.628241466,829.0
805.877926593,824.0
806.127601701,825.0
806.37726679,828.0
806.626921859,829.0
806.876566906,834.0
807.126201931,839.0
807.37582693,828.0
807.625441904,817.0
807.87504685,843.0
808.124641768,824.0
808.374226656,827.0
808.623801513,834.0
808.873366337,836.0
809.122921127,842.0
809.372465881,824.0
809.622000599,827.0
809.871525279,831.0
810.121039919,815.0
810.370544518,818.0
810.620039075,842.0
810.869523589,834.0
811.118998057,820.0
811.368462479,826.0
811.617916854,832.0
811.867361179,827.0
812.116795454,835.0
812.366219678,834.0
812.615633848,829.0
812.865037964,816.0
813.114432023,824.0
813.363816026,833.0
813.61318997,822.0
813.862553854,824.0
814.111907677,832.0
814.361251437,826.0
814.610585133,823.0
814.859908764,843.0
815.109222327,829.0
815.358525823,831.0
815.607819249,833.0
815.857102605,821.0
816.106375888,828.0
816.355639097,811.0
816.604892232,821.0
816.85413529,822.0
817.103368271,834.0
817.352591173,835.0
817.601803994,837.0
817.851006733,827.0
818.100199389,828.0
818.349381961,822.0
818.598554447,834.0
818.847716846,822.0
819.096869156,829.0
819.346011376,822.0
819.595143505,832.0
819.844265541,824.0
820.093377483,830.0
820.34247933,822.0
820.59157108,825.0
820.840652732,832.0
821.089724284,845.0
821.338785735,827.0
821.587837085,833.0
821.83687833,836.0
822.085909471,838.0
822.334930505,837.0
822.583941432,833.0
822.83294225,828.0
823.081932957,830.0
823.330913552,823.0
823.579884035,815.0
823.828844403,822.0
824.077794655,826.0
824.326734789,828.0
824.575664805,840.0
824.824584702,830.0
825.073494477,830.0
825.322394129,830.0
825.571283657,825.0
825.82016306,828.0
826.069032336,836.0
826.317891484,825.0
826.566740502,832.0
826.81557939,830.0
827.064408145,827.0
827.313226767,831.0
827.562035253,828.0
827.810833604,834.0
828.059621817,838.0
828.30839989,830.0
828.557167824,829.0
828.805925615,820.0
829.054673264,813.0
829.303410768,822.0
829.552138126,837.0
829.800855337,840.0
830.049562399,833.0
830.298259311,825.0
830.546946072,827.0
830.79562268,829.0
831.044289135,820.0
831.292945433,820.0
831.541591576,818.0
831.790227559,833.0
832.038853384,833.0
832.287469048,833.0
832.536074549,827.0
832.784669887,834.0
833.03325506,832.0
833.281830066,832.0
833.530394905,836.0
833.778949575,840.0
834.027494074,830.0
834.276028402,832.0
834.524552556,824.0
834.773066536,831.0
835.02157034,840.0
835.270063967,829.0
835.518547415,828.0
835.767020684,843.0
836.015483771,841.0
836.263936675,828.0
836.512379396,824.0
836.76081193,825.0
837.009234279,825.0
837.257646439,828.0
837.506048409,822.0
837.754440189,833.0
838.002821776,818.0
838.25119317,820.0
838.499554369,827.0
838.747905371,829.0
838.996246176,831.0
839.244576782,826.0
839.492897188,828.0
839.741207391,818.0
839.989507392,820.0
840.237797188,827.0
840.486076778,826.0
840.734346161,821.0
840.982605335,819.0
841.2308543,825.0
841.479093053,845.0
841.727321593,838.0
841.97553992,836.0
842.223748031,827.0
842.471945925,820.0
842.720133601,827.0
842.968311057,837.0
843.216478293,838.0
843.464635307,834.0
843.712782096,826.0
843.960918661,818.0
844.209045,826.0
844.457161111,837.0
844.705266993,830.0
844.953362644,821.0
845.201448064,831.0
845.449523251,833.0
845.697588203,827.0
845.945642919,817.0
846.193687398,822.0
846.441721638,829.0
846.689745639,826.0
846.937759398,834.0
847.185762914,831.0
847.433756187,832.0
847.681739214,834.0
847.929711994,822.0
848.177674526,824.0
848.425626809,828.0
848.67356884,826.0
848.92150062,833.0
849.169422146,833.0
849.417333417,823.0
849.665234431,833.0
849.913125188,836.0
850.161005686,836.0
850.408875924,840.0
850.6567359,828.0
850.904585612,826.0
851.15242506,831.0
851.400254243,841.0
851.648073158,833.0
851.895881804,828.0
852.14368018,826.0
852.391468286,835.0
852.639246118,829.0
852.887013677,832.0
853.13477096,831.0
853.382517966,833.0
853.630254694,821.0
853.877981143,826.0
854.12569731,822.0
854.373403196,821.0
854.621098798,832.0
854.868784115,835.0
855.116459145,826.0
855.364123888,829.0
855.611778342,828.0
855.859422506,829.0
856.107056378,830.0
856.354679956,827.0
856.60229324,822.0
856.849896229,830.0
857.09748892,823.0
857.345071312,832.0
857.592643405,836.0
857.840205196,828.0
858.087756684,828.0
858.335297869,828.0
858.582828748,829.0
858.83034932,825.0
859.077859584,817.0
859.325359539,826.0
859.572849183,827.0
859.820328514,833.0
860.067797532,826.0
860.315256235,816.0
860.562704622,823.0
860.810142691,821.0
861.057570441,833.0
861.304987871,832.0
861.552394978,829.0
861.799791763,838.0
862.047178223,834.0
862.294554357,829.0
862.541920164,837.0
862.789275643,842.0
863.036620791,832.0
863.283955609,833.0
863.531280093,832.0
863.778594244,832.0
864.025898059,820.0
864.273191537,826.0
864.520474677,844.0
864.767747478,847.0
865.015009938,836.0
865.262262055,827.0
865.509503829,828.0
865.756735258,837.0
866.003956341,823.0
866.251167076,825.0
866.498367462,831.0
866.745557497,832.0
866.992737181,825.0
867.239906512,828.0
867.487065488,832.0
867.734214108,816.0
867.981352371,809.0
868.228480276,821.0
868.47559782,828.0
868.722705003,836.0
868.969801824,823.0
869.21688828,836.0
869.463964372,829.0
869.711030096,831.0
869.958085452,833.0
870.205130439,835.0
870.452165054,822.0
870.699189298,827.0
870.946203168,829.0
871.193206663,837.0
871.440199782,834.0
871.687182523,827.0
871.934154885,817.0
872.181116866,824.0
872.428068466,814.0
872.675009683,821.0
872.921940515,840.0
873.168860961,832.0
873.41577102,827.0
873.662670691,834.0
873.909559971,835.0
874.15643886,824.0
874.403307357,837.0
874.650165459,828.0
874.897013166,837.0
875.143850477,837.0
875.390677389,838.0
875.637493901,840.0
875.884300013,836.0
876.131095723,824.0
876.377881029,836.0
876.62465593,830.0
876.871420424,835.0
877.118174511,836.0
877.364918189,833.0
877.611651457,828.0
877.858374313,828.0
878.105086755,824.0
878.351788783,824.0
878.598480396,836.0
878.845161591,842.0
879.091832367,831.0
879.338492724,828.0
879.585142659,828.0
879.831782171,823.0
880.07841126,838.0
880.325029923,840.0
880.571638159,833.0
880.818235967,840.0
881.064823346,833.0
881.311400293,836.0
881.557966809,834.0
881.804522891,822.0
882.051068538,839.0
882.297603749,828.0
882.544128522,835.0
882.790642856,835.0
883.037146749,832.0
883.283640201,825.0
883.530123209,836.0
883.776595774,829.0
884.023057892,835.0
884.269509563,837.0
884.515950785,836.0
884.762381558,833.0
885.008801879,819.0
885.255211747,830.0
885.501611162,824.0
885.748000121,837.0
885.994378623,825.0
886.240746667,833.0
886.487104252,840.0
886.733451375,836.0
886.979788037,828.0
887.226114235,833.0
887.472429968,844.0
887.718735234,835.0
887.965030033,818.0
888.211314363,831.0
888.457588223,833.0
888.70385161,834.0
888.950104525,824.0
889.196346965,829.0
889.442578929,822.0
889.688800416,828.0
889.935011425,833.0
890.181211953,834.0
890.427402,827.0
890.673581565,830.0
890.919750645,835.0
891.16590924,829.0
891.412057348,823.0
891.658194968,821.0
891.904322099,822.0
892.150438738,824.0
892.396544886,821.0
892.64264054,830.0
892.888725699,840.0
893.134800361,830.0
893.380864526,831.0
893.626918192,822.0
893.872961357,828.0
894.118994021,841.0
894.365016182,834.0
894.611027838,824.0
894.857028988,824.0
895.103019631,832.0
895.348999765,827.0
895.59496939,838.0
895.840928503,840.0
896.086877103,832.0
896.332815189,828.0
896.57874276,822.0
896.824659814,836.0
897.07056635,830.0
897.316462367,836.0
897.562347863,834.0
897.808222836,826.0
898.054087286,820.0
898.299941211,837.0
898.545784609,831.0
898.79161748,825.0
899.037439822,844.0
899.283251633,837.0
899.529052913,831.0
899.774843659,834.0
900.020623871,835.0
900.266393547,830.0
900.512152686,834.0
900.757901287,836.0
901.003639347,836.0
901.249366866,827.0
901.495083842,821.0
901.740790275,821.0
901.986486161,837.0
902.232171501,825.0
902.477846293,827.0
902.723510536,836.0
902.969164227,827.0
903.214807367,833.0
903.460439953,835.0
903.706061983,843.0
903.951673458,837.0
904.197274375,839.0
904.442864732,834.0
904.68844453,828.0
904.934013765,822.0
905.179572438,834.0
905.425120546,840.0
905.670658088,827.0
905.916185062,833.0
906.161701469,824.0
906.407207305,822.0
906.65270257,829.0
906.898187262,828.0
907.14366138,835.0
907.389124923,823.0
907.634577889,809.0
907.880020277,818.0
908.125452086,819.0
908.370873313,834.0
908.616283958,837.0
908.86168402,829.0
909.107073497,824.0
909.352452387,838.0
909.59782069,834.0
909.843178404,825.0
910.088525527,833.0
910.333862058,822.0
910.579187997,822.0
910.82450334,826.0
911.069808088,832.0
911.315102239,839.0
911.560385791,833.0
911.805658744,835.0
912.050921094,837.0
912.296172843,831.0
912.541413987,825.0
912.786644525,833.0
913.031864457,833.0
913.277073781,817.0
913.522272496,830.0
913.767460599,827.0
914.01263809,831.0
914.257804968,837.0
914.50296123,832.0
914.748106877,813.0
914.993241905,826.0
915.238366315,822.0
915.483480104,823.0
915.728583272,829.0
915.973675816,838.0
916.218757736,834.0
916.46382903,820.0
916.708889696,813.0
916.953939734,823.0
917.198979142,808.0
917.444007919,830.0
917.689026063,833.0
917.934033573,826.0
918.179030448,824.0
918.424016686,826.0
918.668992286,823.0
918.913957246,832.0
919.158911565,829.0
919.403855242,822.0
919.648788276,825.0
919.893710664,813.0
920.138622407,817.0
920.383523501,828.0
920.628413947,823.0
920.873293742,832.0
921.118162885,833.0
921.363021375,830.0
921.607869211,825.0
921.852706391,833.0
922.097532913,820.0
922.342348777,837.0
922.587153981,825.0
922.831948524,826.0
923.076732404,820.0
923.32150562,821.0
923.566268171,832.0
923.811020054,832.0
924.05576127,825.0
924.300491816,832.0
924.545211691,826.0
924.789920894,819.0
925.034619424,835.0
925.279307278,830.0
925.523984456,821.0
925.768650957,822.0
926.013306778,824.0
926.257951919,828.0
926.502586378,836.0
926.747210155,820.0
926.991823246,822.0
927.236425652,827.0
927.48101737,818.0
927.7255984,828.0
927.97016874,829.0
928.214728389,832.0
928.459277345,820.0
928.703815606,825.0
928.948343173,823.0
929.192860043,839.0
929.437366214,822.0
929.681861686,831.0
929.926346457,833.0
930.170820526,828.0
930.415283891,822.0
930.659736552,828.0
930.904178506,824.0
931.148609752,839.0
931.39303029,822.0
931.637440116,832.0
931.881839232,822.0
932.126227634,822.0
932.370605321,813.0
932.614972293,826.0
932.859328547,819.0
933.103674083,829.0
933.348008899,825.0
933.592332993,826.0
933.836646365,836.0
934.080949013,826.0
934.325240935,807.0
934.56952213,822.0
934.813792598,828.0
935.058052336,843.0
935.302301343,824.0
935.546539618,831.0
935.790767159,828.0
936.034983965,826.0
936.279190035,826.0
936.523385367,832.0
936.76756996,834.0
937.011743813,821.0
937.255906924,810.0
937.500059292,831.0
937.744200915,820.0
937.988331793,820.0
938.232451923,827.0
938.476561305,832.0
938.720659936,828.0
938.964747817,817.0
939.208824944,822.0
939.452891318,823.0
939.696946936,825.0
939.940991798,836.0
940.185025901,823.0
940.429049245,820.0
940.673061828,829.0
940.917063648,823.0
941.161054705,836.0
941.405034998,825.0
941.649004523,812.0
941.892963281,817.0
942.13691127,820.0
942.380848489,812.0
942.624774936,832.0
942.86869061,829.0
943.112595509,829.0
943.356489632,816.0
943.600372978,826.0
943.844245546,832.0
944.088107333,842.0
944.33195834,813.0
944.575798563,806.0
944.819628003,835.0
945.063446657,829.0
945.307254524,832.0
945.551051603,830.0
945.794837893,820.0
946.038613392,832.0
946.282378098,835.0
946.526132011,834.0
946.769875129,832.0
947.013607451,829.0
947.257328975,826.0
947.5010397,817.0
947.744739624,818.0
947.988428747,837.0
948.232107067,828.0
948.475774582,822.0
948.719431291,834.0
948.963077193,824.0
949.206712286,817.0
949.45033657,818.0
949.693950042,824.0
949.937552701,815.0
950.181144546,820.0
950.424725576,824.0
950.66829579,831.0
950.911855185,823.0
951.15540376,817.0
951.398941515,809.0
951.642468447,824.0
951.885984556,824.0
952.12948984,828.0
952.372984297,824.0
952.616467927,822.0
952.859940728,820.0
953.103402698,820.0
953.346853837,827.0
953.590294142,822.0
953.833723613,820.0
954.077142248,821.0
954.320550046,820.0
954.563947005,824.0
954.807333125,832.0
955.050708402,827.0
955.294072838,818.0
955.537426429,818.0
955.780769175,825.0
956.024101074,825.0
956.267422125,807.0
956.510732326,818.0
956.754031676,816.0
956.997320175,817.0
957.240597819,817.0
957.483864609,839.0
957.727120542,833.0
957.970365618,829.0
958.213599835,828.0
958.456823191,827.0
958.700035685,824.0
958.943237317,821.0
959.186428083,818.0
959.429607984,831.0
959.672777018,819.0
959.915935183,819.0
960.159082478,821.0
960.402218902,828.0
960.645344453,833.0
960.88845913,839.0
961.131562932,829.0
961.374655856,827.0
961.617737903,827.0
961.86080907,827.0
962.103869357,827.0
962.346918761,827.0
962.589957281,830.0
962.832984917,826.0
963.076001666,817.0
963.319007527,815.0
963.5620025,812.0
963.804986582,823.0
964.047959772,820.0
964.290922069,810.0
964.533873472,816.0
964.776813979,827.0
965.019743588,826.0
965.262662299,824.0
965.50557011,827.0
965.74846702,829.0
965.991353026,827.0
966.234228129,828.0
966.477092327,834.0
966.719945617,839.0
966.962788,836.0
967.205619473,837.0
967.448440035,820.0
967.691249685,814.0
967.934048421,820.0
968.176836243,816.0
968.419613148,825.0
968.662379135,828.0
968.905134203,820.0
969.147878351,822.0
969.390611577,822.0
969.63333388,837.0
969.876045259,812.0
970.118745711,820.0
970.361435237,833.0
970.604113833,838.0
970.8467815,827.0
971.089438235,830.0
971.332084038,837.0
971.574718907,832.0
971.81734284,826.0
972.059955837,820.0
972.302557895,825.0
972.545149014,820.0
972.787729192,830.0
973.030298428,832.0
973.27285672,820.0
973.515404067,836.0
973.757940468,818.0
974.000465921,826.0
974.242980425,830.0
974.485483979,836.0
974.727976581,821.0
974.970458229,830.0
975.212928924,827.0
975.455388662,830.0
975.697837443,818.0
975.940275266,822.0
976.182702128,822.0
976.425118029,826.0
976.667522968,826.0
976.909916942,820.0
977.152299952,820.0
977.394671994,824.0
977.637033068,816.0
977.879383173,814.0
978.121722306,833.0
978.364050468,832.0
978.606367656,833.0
978.848673869,831.0
979.090969105,823.0
979.333253364,829.0
979.575526644,830.0
979.817788944,834.0
980.060040262,820.0
980.302280596,830.0
980.544509946,819.0
980.78672831,840.0
981.028935687,822.0
981.271132076,822.0
981.513317474,821.0
981.755491881,833.0
981.997655295,837.0
982.239807716,836.0
982.481949141,836.0
982.724079569,838.0
982.966198999,837.0
983.208307429,830.0
983.450404859,825.0
983.692491286,833.0
983.93456671,835.0
984.176631129,840.0
984.418684541,830.0
984.660726946,842.0
984.902758341,829.0
985.144778727,829.0
985.3867881,829.0
985.628786461,833.0
985.870773806,822.0
986.112750136,828.0
986.354715449,831.0
986.596669743,824.0
986.838613017,829.0
987.08054527,828.0
987.3224665,822.0
987.564376706,828.0
987.806275887,824.0
988.048164041,832.0
988.290041167,829.0
988.531907263,835.0
988.773762328,836.0
989.015606362,822.0
989.257439361,839.0
989.499261326,834.0
989.741072254,825.0
989.982872144,822.0
990.224660996,820.0
990.466438807,834.0
990.708205576,819.0
990.949961302,819.0
991.191705984,822.0
991.43343962,835.0
991.675162208,825.0
991.916873748,819.0
992.158574238,830.0
992.400263677,834.0
992.641942063,832.0
992.883609395,812.0
993.125265671,818.0
993.366910891,820.0
993.608545052,833.0
993.850168154,828.0
994.091780195,829.0
994.333381174,823.0
994.57497109,821.0
994.81654994,817.0
995.058117724,813.0
995.29967444,821.0
995.541220088,828.0
995.782754664,829.0
996.024278169,824.0
996.265790601,823.0
996.507291959,821.0
996.74878224,823.0
996.990261445,820.0
997.23172957,830.0
997.473186616,829.0
997.71463258,830.0
997.956067462,830.0
998.19749126,832.0
998.438903972,833.0
998.680305597,822.0
998.921696135,820.0
999.163075583,817.0
999.404443939,819.0
999.645801204,825.0
999.887147375,831.0
1000.12848245,828.0
1000.36980643,828.0
1000.61111931,834.0
1000.8524211,833.0
1001.09371178,841.0
1001.33499136,834.0
1001.57625984,830.0
1001.81751721,831.0
1002.05876348,824.0
1002.29999864,823.0
1002.54122269,825.0
1002.78243563,828.0
1003.02363746,813.0
1003.26482818,832.0
1003.50600778,836.0
1003.74717627,836.0
1003.98833364,830.0
1004.22947989,822.0
1004.47061503,830.0
1004.71173904,820.0
1004.95285193,821.0
1005.1939537,831.0
1005.43504434,823.0
1005.67612386,829.0
1005.91719224,824.0
1006.1582495,831.0
1006.39929563,824.0
1006.64033063,832.0
1006.88135449,833.0
1007.12236722,818.0
1007.36336881,829.0
1007.60435927,827.0
1007.84533859,821.0
1008.08630676,819.0
1008.3272638,833.0
1008.56820969,823.0
1008.80914444,828.0
1009.05006804,830.0
1009.2909805,835.0
1009.53188181,836.0
1009.77277197,836.0
1010.01365098,834.0
1010.25451883,830.0
1010.49537554,837.0
1010.73622108,832.0
1010.97705548,829.0
1011.21787871,836.0
1011.45869078,827.0
1011.6994917,841.0
1011.94028145,832.0
1012.18106004,841.0
1012.42182746,838.0
1012.66258372,837.0
1012.90332881,824.0
1013.14406274,822.0
1013.38478549,820.0
1013.62549707,828.0
1013.86619748,834.0
1014.10688672,827.0
1014.34756478,823.0
1014.58823166,830.0
1014.82888736,831.0
1015.06953189,830.0
1015.31016523,829.0
1015.55078739,824.0
1015.79139837,830.0
1016.03199817,830.0
1016.27258677,837.0
1016.51316419,838.0
1016.75373042,834.0
1016.99428546,826.0
1017.23482931,826.0
1017.47536197,841.0
1017.71588343,825.0
1017.95639369,828.0
1018.19689276,836.0
1018.43738063,831.0
1018.67785729,837.0
1018.91832276,839.0
1019.15877703,826.0
1019.39922009,840.0
1019.63965194,832.0
1019.88007259,834.0
1020.12048203,840.0
1020.36088026,830.0
1020.60126728,832.0
1020.84164309,834.0
1021.08200768,830.0
1021.32236106,826.0
1021.56270323,814.0
1021.80303417,833.0
1022.0433539,823.0
1022.2836624,827.0
1022.52395969,822.0
1022.76424575,830.0
1023.00452058,841.0
1023.24478419,830.0
1023.48503658,829.0
1023.72527773,836.0
1023.96550766,835.0
1024.20572635,831.0
1024.44593381,830.0
1024.68613004,836.0
1024.92631503,832.0
1025.16648878,836.0
1025.4066513,822.0
1025.64680257,828.0
1025.88694261,833.0
1026.1270714,826.0
1026.36718895,823.0
1026.60729526,834.0
1026.84739031,827.0
1027.08747413,816.0
1027.32754669,820.0
1027.567608,839.0
1027.80765806,832.0
1028.04769686,832.0
1028.28772442,834.0
1028.52774071,843.0
1028.76774575,829.0
1029.00773953,834.0
1029.24772205,832.0
1029.48769331,833.0
1029.72765331,834.0
1029.96760204,838.0
1030.20753951,836.0
1030.44746571,840.0
1030.68738064,830.0
1030.9272843,839.0
1031.16717669,838.0
1031.40705781,839.0
1031.64692766,834.0
1031.88678623,840.0
1032.12663352,833.0
1032.36646954,833.0
1032.60629427,823.0
1032.84610773,834.0
1033.08590991,840.0
1033.3257008,828.0
1033.56548041,829.0
1033.80524873,836.0
1034.04500576,828.0
1034.28475151,833.0
1034.52448596,824.0
1034.76420913,837.0
1035.003921,836.0
1035.24362158,832.0
1035.48331086,827.0
1035.72298885,823.0
1035.96265553,835.0
1036.20231092,840.0
1036.44195501,836.0
1036.68158779,832.0
1036.92120927,836.0
1037.16081945,830.0
1037.40041832,823.0
1037.64000588,834.0
1037.87958214,821.0
1038.11914708,830.0
1038.35870071,828.0
1038.59824303,827.0
1038.83777403,832.0
1039.07729372,835.0
1039.31680209,824.0
1039.55629914,821.0
1039.79578487,830.0
1040.03525928,827.0
1040.27472237,823.0
1040.51417413,816.0
1040.75361457,816.0
1040.99304368,810.0
1041.23246146,811.0
1041.47186792,816.0
1041.71126304,831.0
1041.95064683,837.0
1042.19001929,822.0
1042.42938041,832.0
1042.6687302,843.0
1042.90806864,824.0
1043.14739575,822.0
1043.38671152,835.0
1043.62601595,826.0
1043.86530903,825.0
1044.10459077,833.0
1044.34386116,826.0
1044.58312021,819.0
1044.82236791,833.0
1045.06160425,832.0
1045.30082925,829.0
1045.54004289,830.0
1045.77924518,825.0
1046.01843612,820.0
1046.25761569,823.0
1046.49678391,819.0
1046.73594077,828.0
1046.97508627,824.0
1047.21422041,838.0
1047.45334318,825.0
1047.69245459,824.0
1047.93155463,831.0
1048.1706433,824.0
1048.40972061,827.0
1048.64878654,817.0
1048.8878411,827.0
1049.12688429,820.0
1049.36591611,813.0
1049.60493654,823.0
1049.84394561,821.0
1050.08294329,832.0
1050.32192959,818.0
1050.56090451,837.0
1050.79986805,828.0
1051.03882021,842.0
1051.27776098,830.0
1051.51669036,833.0
1051.75560835,830.0
1051.99451496,828.0
1052.23341017,830.0
1052.47229399,832.0
1052.71116642,820.0
1052.95002746,828.0
1053.18887709,828.0
1053.42771533,834.0
1053.66654217,826.0
1053.90535761,827.0
1054.14416165,828.0
1054.38295429,830.0
1054.62173552,826.0
1054.86050534,816.0
1055.09926376,813.0
1055.33801077,828.0
1055.57674636,833.0
1055.81547055,826.0
1056.05418333,834.0
1056.29288469,833.0
1056.53157463,824.0
1056.77025316,816.0
1057.00892027,826.0
1057.24757596,835.0
1057.48622023,825.0
1057.72485308,824.0
1057.9634745,828.0
1058.2020845,819.0
1058.44068307,820.0
1058.67927022,826.0
1058.91784593,830.0
1059.15641022,823.0
1059.39496307,827.0
1059.63350449,820.0
1059.87203448,819.0
1060.11055303,821.0
1060.34906014,818.0
1060.58755582,819.0
1060.82604005,825.0
1061.06451284,833.0
1061.30297419,837.0
1061.5414241,841.0
1061.77986256,824.0
1062.01828958,831.0
1062.25670514,828.0
1062.49510926,824.0
1062.73350192,824.0
1062.97188314,824.0
1063.2102529,826.0
1063.4486112,833.0
1063.68695805,821.0
1063.92529344,828.0
1064.16361737,824.0
1064.40192984,842.0
1064.64023085,829.0
1064.8785204,822.0
1065.11679848,822.0
1065.35506509,820.0
1065.59332024,818.0
1065.83156392,832.0
1066.06979613,828.0
1066.30801687,829.0
1066.54622614,830.0
1066.78442393,826.0
1067.02261025,824.0
1067.26078509,821.0
1067.49894845,818.0
1067.73710033,836.0
1067.97524073,829.0
1068.21336965,823.0
1068.45148708,825.0
1068.68959303,817.0
1068.9276875,822.0
1069.16577047,830.0
1069.40384196,829.0
1069.64190196,837.0
1069.87995046,829.0
1070.11798748,844.0
1070.35601299,834.0
1070.59402701,826.0
1070.83202954,821.0
1071.07002056,821.0
1071.30800009,831.0
1071.54596811,834.0
1071.78392463,830.0
1072.02186965,832.0
1072.25980316,830.0
1072.49772517,831.0
1072.73563567,809.0
1072.97353465,808.0
1073.21142213,817.0
1073.4492981,832.0
1073.68716255,816.0
1073.92501548,823.0
1074.1628569,824.0
1074.4006868,838.0
1074.63850519,831.0
1074.87631205,827.0
1075.11410739,829.0
1075.35189121,826.0
1075.5896635,831.0
1075.82742427,827.0
1076.06517351,822.0
1076.30291122,834.0
1076.5406374,837.0
1076.77835205,833.0
1077.01605517,837.0
1077.25374675,836.0
1077.4914268,832.0
1077.72909531,825.0
1077.96675228,824.0
1078.20439771,829.0
1078.44203161,830.0
1078.67965396,825.0
1078.91726476,836.0
1079.15486402,824.0
1079.39245174,822.0
1079.63002791,829.0
1079.86759253,822.0
1080.10514559,831.0
1080.34268711,834.0
1080.58021707,824.0
1080.81773548,822.0
1081.05524233,821.0
1081.29273763,816.0
1081.53022137,822.0
1081.76769354,821.0
1082.00515416,821.0
1082.24260321,827.0
1082.4800407,828.0
1082.71746662,818.0
1082.95488098,820.0
1083.19228377,831.0
1083.42967499,828.0
1083.66705463,825.0
1083.90442271,821.0
1084.14177921,820.0
1084.37912414,834.0
1084.61645749,837.0
1084.85377926,834.0
1085.09108946,834.0
1085.32838807,824.0
1085.5656751,822.0
1085.80295055,829.0
1086.04021442,826.0
1086.27746669,838.0
1086.51470739,834.0
1086.75193649,831.0
1086.989154,828.0
1087.22635992,821.0
1087.46355425,825.0
1087.70073698,824.0
1087.93790812,816.0
1088.17506766,815.0
1088.41221561,832.0
1088.64935195,820.0
1088.8864767,845.0
1089.12358984,829.0
1089.36069138,820.0
1089.59778131,823.0
1089.83485964,831.0
1090.07192635,837.0
1090.30898146,823.0
1090.54602496,828.0
1090.78305685,836.0
1091.02007712,825.0
1091.25708578,816.0
1091.49408283,832.0
1091.73106825,824.0
1091.96804206,824.0
1092.20500425,841.0
1092.44195482,837.0
1092.67889376,820.0
1092.91582108,817.0
1093.15273678,822.0
1093.38964084,828.0
1093.62653328,829.0
1093.86341409,824.0
1094.10028327,822.0
1094.33714082,826.0
1094.57398673,824.0
1094.81082101,818.0
1095.04764365,818.0
1095.28445466,827.0
1095.52125402,830.0
1095.75804175,828.0
1095.99481783,818.0
1096.23158227,817.0
1096.46833507,813.0
1096.70507622,828.0
1096.94180572,830.0
1097.17852357,833.0
1097.41522977,826.0
1097.65192433,822.0
1097.88860723,832.0
1098.12527847,848.0
1098.36193806,842.0
1098.598586,826.0
1098.83522227,832.0
1099.07184689,837.0
1099.30845984,832.0
1099.54506113,828.0
1099.78165076,821.0
1100.01822873,835.0
1100.25479502,824.0
1100.49134965,831.0
1100.72789261,835.0
1100.9644239,833.0
1101.20094352,819.0
1101.43745147,821.0
1101.67394774,832.0
1101.91043234,820.0
1102.14690525,820.0
1102.38336649,824.0
1102.61981605,837.0
1102.85625393,825.0
1103.09268012,824.0
1103.32909464,832.0
1103.56549746,829.0
1103.8018886,826.0
1104.03826805,822.0
1104.27463581,827.0
1104.51099188,834.0
1104.74733626,822.0
1104.98366894,826.0
1105.21998993,842.0
1105.45629923,835.0
1105.69259682,838.0
1105.92888272,827.0
1106.16515692,832.0
1106.40141941,828.0
1106.6376702,830.0
1106.87390929,812.0
1107.11013667,824.0
1107.34635234,829.0
1107.58255631,819.0
1107.81874856,822.0
1108.0549291,823.0
1108.29109793,836.0
1108.52725505,829.0
1108.76340045,829.0
1108.99953414,823.0
1109.2356561,827.0
1109.47176635,824.0
1109.70786488,828.0
1109.94395168,835.0
1110.18002676,828.0
1110.41609012,836.0
1110.65214174,834.0
1110.88818165,834.0
1111.12420982,830.0
1111.36022626,844.0
1111.59623097,835.0
1111.83222394,827.0
1112.06820519,824.0
1112.30417469,826.0
1112.54013246,820.0
1112.77607849,821.0
1113.01201278,824.0
1113.24793533,822.0
1113.48384614,820.0
1113.7197452,827.0
1113.95563252,839.0
1114.19150809,822.0
1114.42737191,832.0
1114.66322398,833.0
1114.8990643,833.0
1115.13489287,828.0
1115.37070969,829.0
1115.60651475,825.0
1115.84230805,826.0
1116.0780896,836.0
1116.31385939,838.0
1116.54961741,842.0
1116.78536368,836.0
1117.02109818,828.0
1117.25682092,841.0
1117.49253189,836.0
1117.7282311,832.0
1117.96391853,817.0
1118.1995942,820.0
1118.43525809,827.0
1118.67091021,844.0
1118.90655056,827.0
1119.14217913,817.0
1119.37779593,813.0
1119.61340095,828.0
1119.84899418,831.0
1120.08457564,836.0
1120.32014532,829.0
1120.55570321,832.0
1120.79124931,828.0
1121.02678363,833.0
1121.26230617,825.0
1121.49781691,840.0
1121.73331586,828.0
1121.96880302,828.0
1122.20427839,837.0
1122.43974196,823.0
1122.67519374,835.0
1122.91063372,821.0
1123.1460619,813.0
1123.38147828,817.0
1123.61688286,812.0
1123.85227564,810.0
1124.08765661,810.0
1124.32302578,810.0
1124.55838314,810.0
1124.7937287,810.0
1125.02906244,810.0
1125.26438437,810.0
1125.49969449,810.0
1125.7349928,810.0
1125.97027929,810.0
1126.20555397,810.0
1126.44081682,810.0
1126.67606786,810.0
1126.91130708,810.0
1127.14653448,810.0
1127.38175005,810.0
1127.6169538,810.0
1127.85214572,810.0
1128.08732582,810.0
1128.32249409,810.0
1128.55765052,810.0
1128.79279513,810.0
1129.0279279,810.0
1129.26304884,810.0
1129.49815794,810.0
1129.73325521,810.0
1129.96834064,810.0
1130.20341423,810.0
1130.43847598,810.0
1130.67352588,810.0
1130.90856394,810.0
1131.14359016,810.0
1131.37860453,810.0
1131.61360705,810.0
1131.84859773,810.0
1132.08357655,810.0
1132.31854352,810.0
1132.55349864,810.0
1132.78844191,810.0
1133.02337332,810.0
1133.25829287,810.0
1133.49320056,810.0
1133.72809639,810.0
1133.96298036,810.0
1134.19785247,810.0
1134.43271272,810.0
1134.6675611,810.0
1134.90239761,810.0
1135.13722225,810.0
1135.37203503,810.0
1135.60683593,810.0
1135.84162496,810.0
1136.07640212,810.0
1136.3111674,810.0
1136.54592081,810.0
1136.78066234,810.0
1137.01539199,810.0
1137.25010976,810.0
1137.48481564,810.0
1137.71950965,810.0
1137.95419177,810.0
1138.188862,810.0
1138.42352035,810.0
1138.65816681,810.0
1138.89280137,810.0
1139.12742405,810.0
1139.36203483,810.0
1139.59663372,810.0
1139.83122072,810.0
1140.06579582,810.0
1140.30035902,810.0
1140.53491032,810.0
1140.76944972,810.0
1141.00397721,810.0
1141.23849281,810.0
1141.47299649,810.0
1141.70748828,810.0
1141.94196815,810.0
1142.17643612,810.0
1142.41089217,810.0
1142.64533631,810.0
1142.87976854,810.0
1143.11418886,810.0
1143.34859726,810.0
1143.58299374,810.0
1143.8173783,810.0
1144.05175095,810.0
1144.28611167,810.0
1144.52046047,810.0
1144.75479734,810.0
1144.98912229,810.0
1145.22343532,810.0
1145.45773641,810.0
1145.69202558,810.0
1145.92630281,810.0
1146.16056811,810.0
1146.39482148,810.0
1146.62906292,810.0
1146.86329241,810.0
1147.09750997,810.0
1147.3317156,810.0
1147.56590928,810.0
1147.80009101,810.0
1148.03426081,810.0
1148.26841866,810.0
1148.50256457,810.0
1148.73669852,810.0
1148.97082053,810.0
1149.20493059,810.0
1149.4390287,810.0
1149.67311485,810.0
1149.90718905,810.0
1150.1412513,810.0
1150.37530159,810.0
1150.60933992,810.0
1150.84336629,810.0
1151.0773807,810.0
1151.31138315,810.0
1151.54537363,810.0
1151.77935215,810.0
1152.0133187,810.0
1152.24727329,810.0
1152.48121591,810.0
1152.71514655,810.0
1152.94906523,810.0
1153.18297193,810.0
1153.41686665,810.0
1153.6507494,810.0
1153.88462018,810.0
1154.11847897,810.0
1154.35232579,810.0
1154.58616062,810.0
1154.81998347,810.0
1155.05379434,810.0
1155.28759322,810.0
1155.52138011,810.0
1155.75515502,810.0
1155.98891793,810.0
1156.22266886,810.0
1156.45640779,810.0
1156.69013473,810.0
1156.92384968,810.0
1157.15755263,810.0
1157.39124358,810.0
1157.62492253,810.0
1157.85858948,810.0
1158.09224443,810.0
1158.32588737,810.0
1158.55951832,810.0
1158.79313725,810.0
1159.02674418,810.0
1159.2603391,810.0
1159.49392201,810.0
1159.72749291,810.0
1159.9610518,810.0
1160.19459867,810.0
1160.42813352,810.0
1160.66165636,810.0
1160.89516719,810.0
1161.12866599,810.0
1161.36215277,810.0
1161.59562753,810.0
1161.82909026,810.0
1162.06254097,810.0
1162.29597966,810.0
1162.52940631,810.0
1162.76282094,810.0
1162.99622354,810.0
1163.2296141,810.0
1163.46299263,810.0
1163.69635913,810.0
1163.92971359,810.0
1164.16305602,810.0
1164.3963864,810.0
1164.62970475,810.0
1164.86301105,810.0
1165.09630531,810.0
1165.32958753,810.0
1165.5628577,810.0
1165.79611583,810.0
1166.0293619,810.0
1166.26259593,810.0
1166.49581791,810.0
1166.72902783,810.0