195.49567,824.0
195.765095591,799.0
196.034514361,859.0
196.30392631,817.0
196.573331437,820.0
196.84272974,832.0
197.112121217,838.0
197.381505868,838.0
197.65088369,828.0
197.920254683,834.0
198.189618846,826.0
198.458976176,824.0
198.728326672,836.0
198.997670334,822.0
199.267007159,824.0
199.536337147,828.0
199.805660296,817.0
200.074976604,832.0
200.344286071,835.0
200.613588695,832.0
200.882884474,841.0
201.152173407,837.0
201.421455493,828.0
201.690730731,835.0
201.959999119,832.0
202.229260655,847.0
202.498515339,844.0
202.767763169,844.0
203.037004143,838.0
203.306238261,845.0
203.575465521,836.0
203.844685921,834.0
204.11389946,827.0
204.383106137,839.0
204.652305951,838.0
204.9214989,843.0
205.190684982,836.0
205.459864197,834.0
205.729036543,832.0
205.998202019,821.0
206.267360622,819.0
206.536512353,821.0
206.805657209,836.0
207.07479519,839.0
207.343926293,828.0
207.613050518,829.0
207.882167863,833.0
208.151278326,837.0
208.420381907,847.0
208.689478604,824.0
208.958568415,827.0
209.22765134,830.0
209.496727377,838.0
209.765796524,830.0
210.034858781,847.0
210.303914145,846.0
210.572962616,842.0
210.842004192,831.0
211.111038871,831.0
211.380066653,821.0
211.649087536,823.0
211.918101519,835.0
212.1871086,838.0
212.456108778,827.0
212.725102051,825.0
212.994088419,834.0
213.263067879,846.0
213.532040431,828.0
213.801006073,821.0
214.069964803,843.0
214.338916621,834.0
214.607861525,829.0
214.876799514,836.0
215.145730586,831.0
215.41465474,830.0
215.683571974,824.0
215.952482288,843.0
216.221385679,842.0
216.490282147,842.0
216.75917169,839.0
217.028054307,842.0
217.296929996,832.0
217.565798756,827.0
217.834660586,839.0
218.103515483,844.0
218.372363448,838.0
218.641204479,839.0
218.910038573,834.0
219.178865731,825.0
219.44768595,837.0
219.716499229,846.0
219.985305567,837.0
220.254104962,836.0
220.522897413,830.0
220.791682918,837.0
221.060461477,849.0
221.329233088,842.0
221.59799775,829.0
221.866755461,833.0
222.135506219,844.0
222.404250024,840.0
222.672986874,837.0
222.941716768,828.0
223.210439704,829.0
223.479155681,837.0
223.747864698,832.0
224.016566753,852.0
224.285261845,845.0
224.553949972,837.0
224.822631134,828.0
225.091305329,836.0
225.359972555,841.0
225.628632811,839.0
225.897286096,819.0
226.165932408,833.0
226.434571746,823.0
226.703204109,829.0
226.971829495,845.0
227.240447903,846.0
227.509059331,837.0
227.777663779,838.0
228.046261245,830.0
228.314851727,838.0
228.583435224,842.0
228.852011735,830.0
229.120581258,833.0
229.389143792,836.0
229.657699336,848.0
229.926247888,835.0
230.194789447,837.0
230.463324012,841.0
230.73185158,850.0
231.000372152,836.0
231.268885725,835.0
231.537392298,846.0
231.80589187,837.0
232.074384439,837.0
232.342870005,826.0
232.611348564,824.0
232.879820118,853.0
233.148284663,838.0
233.416742198,845.0
233.685192723,840.0
233.953636236,831.0
234.222072735,836.0
234.490502219,833.0
234.758924687,834.0
235.027340137,833.0
235.295748568,825.0
235.564149979,839.0
235.832544368,837.0
236.100931735,834.0
236.369312076,842.0
236.637685392,835.0
236.906051681,828.0
237.174410941,821.0
237.442763171,830.0
237.71110837,830.0
237.979446536,827.0
238.247777669,832.0
238.516101766,837.0
238.784418826,848.0
239.052728848,828.0
239.321031831,828.0
239.589327772,824.0
239.857616672,837.0
240.125898528,845.0
240.394173339,847.0
240.662441104,842.0
240.930701822,850.0
241.19895549,843.0
241.467202108,841.0
241.735441674,829.0
242.003674187,843.0
242.271899646,839.0
242.540118049,836.0
242.808329395,834.0
243.076533682,838.0
243.344730909,845.0
243.612921075,827.0
243.881104178,842.0
244.149280218,827.0
244.417449192,831.0
244.685611099,836.0
244.953765938,824.0
245.221913708,822.0
245.490054407,841.0
245.758188033,838.0
246.026314587,817.0
246.294434065,844.0
246.562546467,837.0
246.830651791,826.0
247.098750037,822.0
247.366841202,824.0
247.634925285,839.0
247.903002285,834.0
248.171072201,835.0
248.439135031,838.0
248.707190774,839.0
248.975239428,830.0
249.243280992,821.0
249.511315465,825.0
249.779342845,821.0
250.047363132,814.0
250.315376323,826.0
250.583382417,840.0
250.851381413,841.0
251.11937331,836.0
251.387358106,821.0
251.6553358,822.0
251.92330639,837.0
252.191269875,836.0
252.459226254,827.0
252.727175526,834.0
252.995117688,850.0
253.26305274,849.0
253.53098068,843.0
253.798901508,832.0
254.06681522,827.0
254.334721817,827.0
254.602621297,824.0
254.870513658,828.0
255.1383989,834.0
255.40627702,828.0
255.674148017,819.0
255.942011891,834.0
256.209868639,839.0
256.47771826,825.0
256.745560753,827.0
257.013396117,837.0
257.28122435,842.0
257.549045451,830.0
257.816859418,847.0
258.08466625,845.0
258.352465946,835.0
258.620258505,828.0
258.888043924,829.0
259.155822203,816.0
259.423593341,832.0
259.691357335,839.0
259.959114185,844.0
260.226863889,851.0
260.494606445,829.0
260.762341854,824.0
261.030070112,844.0
261.297791219,855.0
261.565505173,835.0
261.833211974,831.0
262.100911619,824.0
262.368604107,820.0
262.636289437,830.0
262.903967608,830.0
263.171638618,821.0
263.439302466,822.0
263.70695915,851.0
263.97460867,831.0
264.242251023,821.0
264.509886208,824.0
264.777514225,835.0
265.045135071,813.0
265.312748745,839.0
265.580355246,847.0
265.847954573,842.0
266.115546724,838.0
266.383131698,830.0
266.650709493,826.0
266.918280108,836.0
267.185843543,843.0
267.453399794,846.0
267.720948861,837.0
267.988490743,837.0
268.256025439,834.0
268.523552946,827.0
268.791073264,821.0
269.058586391,841.0
269.326092326,831.0
269.593591067,817.0
269.861082613,830.0
270.128566963,844.0
270.396044116,839.0
270.663514069,829.0
270.930976822,843.0
271.198432374,831.0
271.465880722,830.0
271.733321866,826.0
272.000755804,834.0
272.268182535,850.0
272.535602057,841.0
272.803014369,847.0
273.07041947,852.0
273.337817359,846.0
273.605208033,837.0
273.872591492,828.0
274.139967734,818.0
274.407336759,833.0
274.674698564,821.0
274.942053148,826.0
275.209400509,839.0
275.476740648,827.0
275.744073561,839.0
276.011399248,840.0
276.278717707,842.0
276.546028938,828.0
276.813332938,841.0
277.080629706,833.0
277.347919242,826.0
277.615201542,820.0
277.882476607,823.0
278.149744435,832.0
278.417005024,826.0
278.684258374,829.0
278.951504482,833.0
279.218743347,839.0
279.485974969,836.0
279.753199345,836.0
280.020416474,844.0
280.287626355,834.0
280.554828987,835.0
280.822024368,840.0
281.089212497,853.0
281.356393372,840.0
281.623566992,836.0
281.890733356,845.0
282.157892463,844.0
282.42504431,827.0
282.692188897,845.0
282.959326223,830.0
283.226456285,835.0
283.493579083,829.0
283.760694615,826.0
284.027802879,844.0
284.294903876,841.0
284.561997602,833.0
284.829084057,848.0
285.096163239,854.0
285.363235148,836.0
285.630299781,838.0
285.897357137,847.0
286.164407215,837.0
286.431450014,826.0
286.698485532,826.0
286.965513768,837.0
287.23253472,835.0
287.499548387,841.0
287.766554768,825.0
288.033553862,836.0
288.300545666,845.0
288.56753018,858.0
288.834507403,856.0
289.101477332,840.0
289.368439966,834.0
289.635395305,821.0
289.902343347,830.0
290.16928409,843.0
290.436217534,843.0
290.703143676,837.0
290.970062515,814.0
291.23697405,827.0
291.50387828,833.0
291.770775204,842.0
292.037664819,840.0
292.304547125,840.0
292.57142212,830.0
292.838289802,829.0
293.105150172,841.0
293.372003226,842.0
293.638848964,849.0
293.905687384,841.0
294.172518486,838.0
294.439342267,845.0
294.706158726,832.0
294.972967862,822.0
295.239769674,826.0
295.50656416,826.0
295.773351318,842.0
296.040131148,839.0
296.306903649,833.0
296.573668818,836.0
296.840426654,837.0
297.107177156,822.0
297.373920323,828.0
297.640656154,833.0
297.907384646,838.0
298.174105798,840.0
298.44081961,833.0
298.70752608,824.0
298.974225206,823.0
299.240916987,839.0
299.507601422,842.0
299.77427851,829.0
300.040948248,825.0
300.307610636,846.0
300.574265672,827.0
300.840913355,846.0
301.107553684,839.0
301.374186657,831.0
301.640812272,826.0
301.90743053,840.0
302.174041427,840.0
302.440644963,841.0
302.707241136,836.0
302.973829945,844.0
303.240411389,840.0
303.506985466,845.0
303.773552176,852.0
304.040111515,846.0
304.306663484,843.0
304.573208081,846.0
304.839745304,845.0
305.106275152,837.0
305.372797624,836.0
305.639312718,851.0
305.905820433,847.0
306.172320768,844.0
306.438813721,832.0
306.705299291,847.0
306.971777477,834.0
307.238248277,851.0
307.504711689,843.0
307.771167714,854.0
308.037616348,856.0
308.304057591,848.0
308.570491441,837.0
308.836917897,819.0
309.103336958,824.0
309.369748622,840.0
309.636152888,843.0
309.902549755,844.0
310.16893922,838.0
310.435321284,834.0
310.701695944,837.0
310.968063199,828.0
311.234423048,832.0
311.500775489,841.0
311.767120521,835.0
312.033458143,834.0
312.299788353,836.0
312.56611115,840.0
312.832426533,836.0
313.0987345,828.0
313.365035049,851.0
313.63132818,841.0
313.897613891,836.0
314.163892181,846.0
314.430163048,839.0
314.696426491,841.0
314.962682509,837.0
315.2289311,849.0
315.495172263,833.0
315.761405997,833.0
316.027632299,829.0
316.29385117,835.0
316.560062607,820.0
316.826266609,821.0
317.092463175,833.0
317.358652303,844.0
317.624833992,837.0
317.891008241,835.0
318.157175048,844.0
318.423334412,841.0
318.689486331,833.0
318.955630805,841.0
319.221767831,831.0
319.487897409,832.0
319.754019537,834.0
320.020134214,838.0
320.286241438,835.0
320.552341208,839.0
320.818433523,831.0
321.084518381,826.0
321.350595781,842.0
321.616665721,835.0
321.882728201,845.0
322.148783218,832.0
322.414830772,833.0
322.680870861,838.0
322.946903484,839.0
323.212928639,845.0
323.478946325,838.0
323.744956541,851.0
324.010959285,841.0
324.276954555,845.0
324.542942352,846.0
324.808922672,855.0
325.074895516,846.0
325.340860881,847.0
325.606818766,844.0
325.872769169,835.0
326.13871209,837.0
326.404647527,850.0
326.670575479,841.0
326.936495944,846.0
327.202408921,833.0
327.468314408,831.0
327.734212404,834.0
328.000102909,841.0
328.26598592,838.0
328.531861435,845.0
328.797729455,835.0
329.063589977,839.0
329.329443,828.0
329.595288523,828.0
329.861126543,834.0
330.126957061,841.0
330.392780075,831.0
330.658595582,834.0
330.924403582,837.0
331.190204074,838.0
331.455997056,838.0
331.721782526,839.0
331.987560484,844.0
332.253330928,843.0
332.519093857,847.0
332.784849269,836.0
333.050597162,856.0
333.316337537,834.0
333.58207039,839.0
333.847795721,830.0
334.113513529,836.0
334.379223812,848.0
334.644926568,852.0
334.910621797,831.0
335.176309497,826.0
335.441989666,838.0
335.707662304,839.0
335.973327409,828.0
336.238984979,828.0
336.504635013,834.0
336.770277511,841.0
337.035912469,854.0
337.301539888,857.0
337.567159765,851.0
337.8327721,852.0
338.098376891,835.0
338.363974136,833.0
338.629563835,837.0
338.895145986,838.0
339.160720587,850.0
339.426287637,826.0
339.691847135,834.0
339.95739908,839.0
340.22294347,835.0
340.488480303,844.0
340.754009579,841.0
341.019531295,846.0
341.285045452,853.0
341.550552047,848.0
341.816051078,842.0
342.081542545,845.0
342.347026446,837.0
342.61250278,847.0
342.877971546,834.0
343.143432742,827.0
343.408886366,840.0
343.674332418,832.0
343.939770895,835.0
344.205201798,823.0
344.470625123,840.0
344.736040871,828.0
345.001449039,853.0
345.266849626,837.0
345.532242631,840.0
345.797628052,852.0
346.063005889,832.0
346.328376139,825.0
346.593738802,850.0
346.859093876,860.0
347.124441359,849.0
347.38978125,852.0
347.655113549,839.0
347.920438253,853.0
348.185755361,848.0
348.451064872,848.0
348.716366784,855.0
348.981661097,839.0
349.246947808,852.0
349.512226917,844.0
349.777498421,839.0
350.04276232,831.0
350.308018613,832.0
350.573267297,846.0
350.838508372,844.0
351.103741836,837.0
351.368967688,840.0
351.634185926,844.0
351.89939655,832.0
352.164599557,843.0
352.429794946,850.0
352.694982717,844.0
352.960162867,828.0
353.225335395,831.0
353.490500301,839.0
353.755657582,855.0
354.020807237,853.0
354.285949264,827.0
354.551083664,847.0
354.816210433,847.0
355.081329571,833.0
355.346441077,834.0
355.611544948,836.0
355.876641184,836.0
356.141729783,835.0
356.406810745,855.0
356.671884066,860.0
356.936949747,849.0
357.202007786,850.0
357.467058181,838.0
357.732100932,845.0
357.997136036,840.0
358.262163492,850.0
358.527183299,860.0
358.792195456,853.0
359.057199961,850.0
359.322196814,854.0
359.587186011,833.0
359.852167553,839.0
360.117141438,845.0
360.382107664,848.0
360.64706623,838.0
360.912017135,850.0
361.176960377,840.0
361.441895956,851.0
361.706823869,849.0
361.971744115,841.0
362.236656693,840.0
362.501561602,850.0
362.766458839,843.0
363.031348405,837.0
363.296230297,859.0
363.561104514,857.0
363.825971055,847.0
364.090829918,841.0
364.355681102,838.0
364.620524606,838.0
364.885360428,830.0
365.150188567,851.0
365.415009022,847.0
365.679821791,846.0
365.944626872,846.0
366.209424265,851.0
366.474213968,857.0
366.73899598,862.0
367.003770299,849.0
367.268536924,851.0
367.533295854,847.0
367.798047087,840.0
368.062790622,843.0
368.327526458,854.0
368.592254592,836.0
368.856975025,834.0
369.121687753,832.0
369.386392777,852.0
369.651090095,861.0
369.915779705,847.0
370.180461606,836.0
370.445135797,840.0
370.709802276,852.0
370.974461042,848.0
371.239112093,847.0
371.503755429,838.0
371.768391047,823.0
372.033018947,839.0
372.297639127,844.0
372.562251585,840.0
372.826856321,844.0
373.091453333,847.0
373.35604262,842.0
373.62062418,835.0
373.885198012,829.0
374.149764114,837.0
374.414322485,843.0
374.678873125,845.0
374.94341603,841.0
375.207951201,855.0
375.472478636,846.0
375.736998333,838.0
376.001510291,850.0
376.266014508,835.0
376.530510984,851.0
376.794999717,857.0
377.059480705,857.0
377.323953947,848.0
377.588419442,853.0
377.852877189,854.0
378.117327186,844.0
378.381769431,849.0
378.646203924,833.0
378.910630663,841.0
379.175049646,846.0
379.439460873,841.0
379.703864342,848.0
379.968260051,847.0
380.232647999,840.0
380.497028185,849.0
380.761400608,852.0
381.025765265,852.0
381.290122157,859.0
381.55447128,859.0
381.818812635,860.0
382.083146219,851.0
382.347472032,833.0
382.611790072,844.0
382.876100337,846.0
383.140402826,867.0
383.404697538,860.0
383.668984471,857.0
383.933263625,854.0
384.197534997,840.0
384.461798587,846.0
384.726054392,850.0
384.990302413,845.0
385.254542646,844.0
385.518775091,846.0
385.782999747,836.0
386.047216613,834.0
386.311425685,845.0
386.575626965,850.0
386.839820449,850.0
387.104006137,856.0
387.368184028,840.0
387.63235412,845.0
387.896516411,830.0
388.1606709,853.0
388.424817586,845.0
388.688956468,857.0
388.953087544,850.0
389.217210813,843.0
389.481326273,853.0
389.745433924,848.0
390.009533763,846.0
390.273625789,843.0
390.537710002,855.0
390.801786399,856.0
391.065854979,840.0
391.329915741,840.0
391.593968684,852.0
391.858013806,846.0
392.122051106,851.0
392.386080582,851.0
392.650102233,843.0
392.914116058,848.0
393.178122056,845.0
393.442120224,855.0
393.706110562,862.0
393.970093068,865.0
394.234067741,855.0
394.49803458,854.0
394.761993583,842.0
395.025944748,846.0
395.289888075,832.0
395.553823562,847.0
395.817751208,849.0
396.081671012,847.0
396.345582971,856.0
396.609487085,853.0
396.873383352,848.0
397.137271771,860.0
397.40115234,837.0
397.665025059,845.0
397.928889926,859.0
398.192746939,848.0
398.456596097,851.0
398.720437398,848.0
398.984270843,839.0
399.248096428,860.0
399.511914152,841.0
399.775724015,831.0
400.039526015,844.0
400.303320151,854.0
400.56710642,842.0
400.830884823,842.0
401.094655357,857.0
401.358418021,849.0
401.622172813,853.0
401.885919733,865.0
402.149658779,861.0
402.41338995,844.0
402.677113244,844.0
402.94082866,856.0
403.204536196,852.0
403.468235852,841.0
403.731927625,853.0
403.995611515,852.0
404.25928752,852.0
404.522955638,866.0
404.786615869,869.0
405.050268211,857.0
405.313912663,843.0
405.577549222,842.0
405.841177889,853.0
406.104798661,851.0
406.368411538,854.0
406.632016517,845.0
406.895613598,850.0
407.159202778,850.0
407.422784058,855.0
407.686357435,857.0
407.949922907,863.0
408.213480475,836.0
408.477030135,850.0
408.740571888,839.0
409.004105731,839.0
409.267631663,860.0
409.531149684,866.0
409.79465979,860.0
410.058161982,863.0
410.321656257,855.0
410.585142615,847.0
410.848621053,858.0
411.112091572,850.0
411.375554168,851.0
411.639008842,849.0
411.902455591,862.0
412.165894414,869.0
412.42932531,849.0
412.692748277,870.0
412.956163315,872.0
413.219570421,859.0
413.482969595,864.0
413.746360834,864.0
414.009744138,862.0
414.273119506,847.0
414.536486935,857.0
414.799846425,869.0
415.063197974,854.0
415.326541581,852.0
415.589877244,858.0
415.853204963,866.0
416.116524735,864.0
416.379836559,861.0
416.643140435,854.0
416.90643636,871.0
417.169724333,861.0
417.433004353,869.0
417.696276419,860.0
417.959540529,856.0
418.222796682,869.0
418.486044876,853.0
418.74928511,837.0
419.012517383,859.0
419.275741694,858.0
419.53895804,864.0
419.802166421,865.0
420.065366835,858.0
420.328559281,858.0
420.591743758,873.0
420.854920264,863.0
421.118088797,867.0
421.381249357,867.0
421.644401943,864.0
421.907546551,863.0
422.170683183,857.0
422.433811835,866.0
422.696932507,870.0
422.960045197,870.0
423.223149904,871.0
423.486246626,861.0
423.749335363,863.0
424.012416113,864.0
424.275488874,864.0
424.538553645,868.0
424.801610424,867.0
425.064659211,861.0
425.327700004,863.0
425.590732802,872.0
425.853757603,871.0
426.116774406,861.0
426.379783209,864.0
426.642784012,867.0
426.905776812,873.0
427.168761609,872.0
427.431738401,866.0
427.694707187,878.0
427.957667965,877.0
428.220620734,866.0
428.483565492,868.0
428.746502239,864.0
429.009430973,860.0
429.272351692,870.0
429.535264395,873.0
429.798169082,873.0
430.061065749,882.0
430.323954397,873.0
430.586835024,875.0
430.849707628,882.0
431.112572207,892.0
431.375428762,895.0
431.638277289,863.0
431.901117789,853.0
432.163950259,871.0
432.426774699,878.0
432.689591106,885.0
432.952399479,884.0
433.215199818,877.0
433.47799212,865.0
433.740776385,871.0
434.003552611,878.0
434.266320796,872.0
434.52908094,903.0
434.79183304,897.0
435.054577096,875.0
435.317313106,882.0
435.580041069,902.0
435.842760984,884.0
436.105472848,900.0
436.368176661,890.0
436.630872422,908.0
436.893560128,893.0
437.15623978,876.0
437.418911374,873.0
437.68157491,886.0
437.944230387,888.0
438.206877803,896.0
438.469517157,897.0
438.732148447,884.0
438.994771673,875.0
439.257386832,868.0
439.519993923,878.0
439.782592946,879.0
440.045183898,880.0
440.307766778,872.0
440.570341585,877.0
440.832908318,892.0
441.095466975,897.0
441.358017555,892.0
441.620560056,888.0
441.883094477,901.0
442.145620817,900.0
442.408139074,893.0
442.670649248,870.0
442.933151335,881.0
443.195645337,889.0
443.45813125,875.0
443.720609073,879.0
443.983078806,882.0
444.245540447,899.0
444.507993994,882.0
444.770439446,873.0
445.032876802,869.0
445.29530606,886.0
445.557727219,885.0
445.820140278,894.0
446.082545235,886.0
446.344942089,882.0
446.607330838,887.0
446.869711482,880.0
447.132084018,886.0
447.394448446,890.0
447.656804764,890.0
447.91915297,891.0
448.181493064,899.0
448.443825044,885.0
448.706148909,884.0
448.968464657,905.0
449.230772287,899.0
449.493071797,890.0
449.755363187,886.0
450.017646454,890.0
450.279921598,900.0
450.542188616,889.0
450.804447509,900.0
451.066698274,890.0
451.32894091,885.0
451.591175415,898.0
451.853401789,900.0
452.115620029,903.0
452.377830136,916.0
452.640032106,908.0
452.902225939,903.0
453.164411634,901.0
453.426589188,911.0
453.688758602,914.0
453.950919872,920.0
454.213072999,908.0
454.47521798,904.0
454.737354815,896.0
454.999483501,900.0
455.261604038,908.0
455.523716425,918.0
455.785820659,916.0
456.047916739,902.0
456.310004665,899.0
456.572084434,913.0
456.834156045,914.0
457.096219498,906.0
457.35827479,909.0
457.62032192,903.0
457.882360888,916.0
458.144391691,930.0
458.406414328,932.0
458.668428797,931.0
458.930435099,932.0
459.19243323,932.0
459.45442319,919.0
459.716404978,927.0
459.978378591,940.0
460.240344029,934.0
460.50230129,925.0
460.764250373,929.0
461.026191277,940.0
461.288124,934.0
461.550048541,933.0
461.811964898,942.0
462.07387307,948.0
462.335773056,955.0
462.597664854,968.0
462.859548463,952.0
463.121423882,966.0
463.383291109,944.0
463.645150143,951.0
463.907000983,962.0
464.168843627,963.0
464.430678073,958.0
464.692504321,969.0
464.954322369,967.0
465.216132216,963.0
465.47793386,1001.0
465.7397273,999.0
466.001512535,991.0
466.263289563,1011.0
466.525058383,1005.0
466.786818993,992.0
467.048571393,1011.0
467.31031558,1004.0
467.572051554,1013.0
467.833779313,1024.0
468.095498855,1022.0
468.35721018,1024.0
468.618913286,1032.0
468.880608172,1045.0
469.142294835,1049.0
469.403973276,1053.0
469.665643492,1053.0
469.927305483,1073.0
470.188959246,1087.0
470.45060478,1110.0
470.712242085,1105.0
470.973871159,1114.0
471.235491999,1126.0
471.497104606,1119.0
471.758708978,1125.0
472.020305112,1158.0
472.281893009,1168.0
472.543472666,1185.0
472.805044082,1191.0
473.066607256,1180.0
473.328162186,1219.0
473.589708872,1251.0
473.851247311,1261.0
474.112777503,1276.0
474.374299446,1292.0
474.635813138,1306.0
474.897318578,1320.0
475.158815766,1344.0
475.420304698,1356.0
475.681785376,1374.0
475.943257795,1375.0
476.204721957,1404.0
476.466177858,1434.0
476.727625498,1474.0
476.989064876,1494.0
477.250495989,1523.0
477.511918837,1533.0
477.773333418,1563.0
478.034739732,1605.0
478.296137775,1637.0
478.557527548,1648.0
478.818909049,1686.0
479.080282276,1748.0
479.341647228,1796.0
479.603003904,1810.0
479.864352302,1865.0
480.125692422,1891.0
480.387024261,1956.0
480.648347818,1990.0
480.909663092,2044.0
481.170970081,2076.0
481.432268785,2139.0
481.693559201,2199.0
481.954841329,2260.0
482.216115167,2334.0
482.477380714,2391.0
482.738637968,2441.0
482.999886928,2508.0
483.261127593,2579.0
483.522359961,2669.0
483.783584031,2735.0
484.044799801,2821.0
484.306007271,2905.0
484.567206438,2990.0
484.828397302,3111.0
485.089579861,3203.0
485.350754113,3303.0
485.611920058,3406.0
485.873077694,3521.0
486.13422702,3625.0
486.395368034,3741.0
486.656500734,3901.0
486.91762512,4027.0
487.178741191,4144.0
487.439848944,4327.0
487.700948379,4488.0
487.962039493,4596.0
488.223122287,4777.0
488.484196757,4949.0
488.745262904,5127.0
489.006320726,5357.0
489.26737022,5559.0
489.528411387,5722.0
489.789444224,5928.0
490.05046873,6138.0
490.311484904,6401.0
490.572492744,6618.0
490.83349225,6868.0
491.094483419,7138.0
491.355466251,7412.0
491.616440743,7710.0
491.877406895,8008.0
492.138364706,8294.0
492.399314173,8624.0
492.660255296,8958.0
492.921188073,9307.0
493.182112503,9585.0
493.443028584,9988.0
493.703936315,10431.0
493.964835695,10738.0
494.225726723,11132.0
494.486609396,11494.0
494.747483714,11910.0
495.008349675,12286.0
495.269207278,12693.0
495.530056522,13212.0
495.790897405,13634.0
496.051729926,14082.0
496.312554083,14498.0
496.573369875,14841.0
496.834177301,15198.0
497.094976359,15486.0
497.355767048,15790.0
497.616549367,15953.0
497.877323314,16106.0
498.138088888,16221.0
498.398846087,16329.0
498.659594911,16383.0
498.920335357,16383.0
499.181067425,16383.0
499.441791113,16383.0
499.70250642,16383.0
499.963213344,16383.0
500.223911884,16383.0
500.484602038,16383.0
500.745283806,16383.0
501.005957186,16383.0
501.266622176,16383.0
501.527278776,16383.0
501.787926983,16383.0
502.048566797,16383.0
502.309198216,16383.0
502.569821238,16383.0
502.830435863,16383.0
503.091042089,16383.0
503.351639914,16383.0
503.612229338,16383.0
503.872810358,16383.0
504.133382974,16383.0
504.393947185,16383.0
504.654502988,16383.0
504.915050382,16383.0
505.175589367,16383.0
505.43611994,16383.0
505.696642101,16383.0
505.957155847,16383.0
506.217661179,16383.0
506.478158093,16383.0
506.73864659,16383.0
506.999126666,16383.0
507.259598323,16383.0
507.520061556,16383.0
507.780516367,16383.0
508.040962752,16383.0
508.301400711,16383.0
508.561830243,16383.0
508.822251345,16383.0
509.082664017,16383.0
509.343068257,16383.0
509.603464065,16383.0
509.863851437,16383.0
510.124230374,16383.0
510.384600874,16383.0
510.644962935,16383.0
510.905316556,16383.0
511.165661736,16383.0
511.425998473,16383.0
511.686326766,16383.0
511.946646614,16383.0
512.206958015,16383.0
512.467260968,16383.0
512.727555472,16383.0
512.987841525,16383.0
513.248119125,16383.0
513.508388272,16383.0
513.768648964,16383.0
514.0289012,16383.0
514.289144978,16383.0
514.549380297,16383.0
514.809607155,16383.0
515.069825552,16383.0
515.330035486,16383.0
515.590236955,16383.0
515.850429959,16383.0
516.110614495,16383.0
516.370790563,16383.0
516.630958161,16383.0
516.891117287,16383.0
517.151267941,16383.0
517.411410121,16383.0
517.671543825,16383.0
517.931669053,16383.0
518.191785803,16383.0
518.451894073,16383.0
518.711993862,16383.0
518.972085169,16383.0
519.232167993,16383.0
519.492242331,16383.0
519.752308183,16383.0
520.012365548,16383.0
520.272414424,16383.0
520.532454809,16383.0
520.792486702,16383.0
521.052510103,16383.0
521.312525009,16383.0
521.572531419,16383.0
521.832529332,16383.0
522.092518746,16383.0
522.35249966,16383.0
522.612472073,16383.0
522.872435984,16383.0
523.13239139,16383.0
523.392338291,16383.0
523.652276686,16383.0
523.912206572,16383.0
524.172127948,16383.0
524.432040814,16383.0
524.691945168,16383.0
524.951841008,16383.0
525.211728333,16383.0
525.471607142,16383.0
525.731477433,16383.0
525.991339206,16383.0
526.251192457,16383.0
526.511037187,16383.0
526.770873394,16383.0
527.030701077,16383.0
527.290520234,16383.0
527.550330863,16383.0
527.810132964,16383.0
528.069926535,16383.0
528.329711575,16383.0
528.589488082,16383.0
528.849256055,16383.0
529.109015492,16383.0
529.368766393,16383.0
529.628508756,16383.0
529.888242579,16383.0
530.147967862,16383.0
530.407684602,16383.0
530.667392798,16383.0
530.92709245,16383.0
531.186783556,16383.0
531.446466114,16383.0
531.706140122,16383.0
531.965805581,16383.0
532.225462487,16383.0
532.485110841,16383.0
532.74475064,16383.0
533.004381883,16383.0
533.264004569,16383.0
533.523618697,16383.0
533.783224264,16383.0
534.04282127,16383.0
534.302409714,16383.0
534.561989594,16383.0
534.821560908,16383.0
535.081123655,16383.0
535.340677835,16383.0
535.600223444,16383.0
535.859760483,16383.0
536.11928895,16383.0
536.378808843,16383.0
536.638320162,16383.0
536.897822904,16383.0
537.157317068,16383.0
537.416802654,16383.0
537.676279659,16383.0
537.935748082,16383.0
538.195207922,16383.0
538.454659177,16383.0
538.714101847,16383.0
538.97353593,16383.0
539.232961424,16383.0
539.492378328,16383.0
539.751786641,16383.0
540.011186361,16383.0
540.270577487,16383.0
540.529960018,16383.0
540.789333952,16383.0
541.048699288,16383.0
541.308056024,16383.0
541.56740416,16383.0
541.826743693,16383.0
542.086074623,16383.0
542.345396948,16383.0
542.604710666,16383.0
542.864015777,16383.0
543.123312279,16383.0
543.382600171,16383.0
543.64187945,16383.0
543.901150117,16383.0
544.160412169,16383.0
544.419665606,16383.0
544.678910425,16383.0
544.938146625,16383.0
545.197374206,16383.0
545.456593165,16383.0
545.715803502,16383.0
545.975005215,16383.0
546.234198302,16383.0
546.493382763,16383.0
546.752558595,16383.0
547.011725798,16383.0
547.27088437,16383.0
547.53003431,16383.0
547.789175616,16383.0
548.048308288,16383.0
548.307432323,16383.0
548.566547721,16383.0
548.825654479,16383.0
549.084752597,16383.0
549.343842073,16383.0
549.602922907,16383.0
549.861995095,16383.0
550.121058638,16383.0
550.380113534,16383.0
550.639159781,16383.0
550.898197378,16383.0
551.157226324,16383.0
551.416246617,16383.0
551.675258257,16383.0
551.93426124,16383.0
552.193255568,16383.0
552.452241236,16383.0
552.711218246,16383.0
552.970186595,16383.0
553.229146281,16383.0
553.488097304,16383.0
553.747039662,16383.0
554.005973354,16383.0
554.264898378,16383.0
554.523814733,16383.0
554.782722417,16383.0
555.04162143,16383.0
555.30051177,16383.0
555.559393435,16383.0
555.818266425,16383.0
556.077130737,16383.0
556.33598637,16383.0
556.594833324,16383.0
556.853671597,16383.0
557.112501186,16383.0
557.371322092,16383.0
557.630134313,16383.0
557.888937846,16383.0
558.147732692,16383.0
558.406518848,16383.0
558.665296313,16383.0
558.924065086,16383.0
559.182825165,16383.0
559.44157655,16383.0
559.700319238,16383.0
559.959053229,16383.0
560.21777852,16383.0
560.476495111,16383.0
560.735203001,16383.0
560.993902187,16383.0
561.252592669,16383.0
561.511274445,16383.0
561.769947513,16383.0
562.028611874,16383.0
562.287267524,16383.0
562.545914463,16383.0
562.804552689,16383.0
563.063182201,16383.0
563.321802998,16383.0
563.580415078,16383.0
563.839018441,16383.0
564.097613083,16383.0
564.356199005,16383.0
564.614776204,16383.0
564.87334468,16383.0
565.131904431,16383.0
565.390455456,16383.0
565.648997753,16383.0
565.907531321,16383.0
566.166056159,16383.0
566.424572265,16383.0
566.683079637,16383.0
566.941578276,16383.0
567.200068178,16383.0
567.458549344,16383.0
567.71702177,16383.0
567.975485457,16383.0
568.233940402,16383.0
568.492386605,16383.0
568.750824064,16383.0
569.009252778,16383.0
569.267672744,16383.0
569.526083963,16383.0
569.784486432,16383.0
570.04288015,16383.0
570.301265116,16383.0
570.559641329,16383.0
570.818008786,16383.0
571.076367487,16383.0
571.334717431,16383.0
571.593058615,16383.0
571.85139104,16383.0
572.109714702,16383.0
572.368029601,16383.0
572.626335736,16383.0
572.884633105,16383.0
573.142921707,16383.0
573.40120154,16383.0
573.659472603,16383.0
573.917734895,16383.0
574.175988415,16383.0
574.43423316,16383.0
574.69246913,16383.0
574.950696323,16383.0
575.208914738,16383.0
575.467124374,16383.0
575.725325228,16383.0
575.983517301,16383.0
576.24170059,16383.0
576.499875094,16383.0
576.758040812,16383.0
577.016197742,16383.0
577.274345883,16383.0
577.532485233,16383.0
577.790615792,16383.0
578.048737558,16383.0
578.306850529,16383.0
578.564954705,16383.0
578.823050083,16383.0
579.081136663,16383.0
579.339214443,16383.0
579.597283421,16383.0
579.855343597,16383.0
580.113394969,16383.0
580.371437535,16383.0
580.629471295,16383.0
580.887496246,16383.0
581.145512389,16383.0
581.40351972,16383.0
581.661518239,16383.0
581.919507944,16383.0
582.177488835,16383.0
582.435460909,16383.0
582.693424166,16383.0
582.951378603,16383.0
583.20932422,16383.0
583.467261016,16383.0
583.725188988,16383.0
583.983108136,16383.0
584.241018458,16383.0
584.498919952,16383.0
584.756812619,16383.0
585.014696455,16383.0
585.27257146,16383.0
585.530437632,16383.0
585.788294971,16383.0
586.046143473,16383.0
586.30398314,16383.0
586.561813968,16383.0
586.819635956,16383.0
587.077449104,16383.0
587.335253409,16383.0
587.593048871,16383.0
587.850835488,16383.0
588.108613259,16383.0
588.366382182,16383.0
588.624142256,16383.0
588.88189348,16383.0
589.139635852,16383.0
589.39736937,16383.0
589.655094035,16383.0
589.912809843,16383.0
590.170516794,16383.0
590.428214887,16383.0
590.68590412,16383.0
590.943584491,16383.0
591.201256,16383.0
591.458918645,16383.0
591.716572424,16383.0
591.974217337,16383.0
592.231853381,16383.0
592.489480556,16383.0
592.74709886,16383.0
593.004708292,16383.0
593.262308851,16383.0
593.519900534,16383.0
593.777483342,16383.0
594.035057271,16383.0
594.292622322,16383.0
594.550178492,16383.0
594.80772578,16383.0
595.065264185,16383.0
595.322793706,16383.0
595.580314341,16383.0
595.837826089,16383.0
596.095328948,16383.0
596.352822917,16383.0
596.610307995,16383.0
596.86778418,16383.0
597.125251471,16383.0
597.382709867,16383.0
597.640159366,16383.0
597.897599967,16383.0
598.155031669,16383.0
598.412454469,16383.0
598.669868368,16383.0
598.927273363,16383.0
599.184669453,16383.0
599.442056636,16383.0
599.699434912,16383.0
599.956804279,16383.0
600.214164736,16383.0
600.471516281,16383.0
600.728858912,16383.0
600.98619263,16383.0
601.243517431,16383.0
601.500833315,16383.0
601.758140281,16383.0
602.015438326,16383.0
602.272727451,16383.0
602.530007652,16383.0
602.78727893,16383.0
603.044541282,16383.0
603.301794708,16383.0
603.559039205,16383.0
603.816274773,16383.0
604.07350141,16383.0
604.330719115,16383.0
604.587927887,16383.0
604.845127723,16383.0
605.102318623,16383.0
605.359500586,16383.0
605.616673609,16383.0
605.873837692,16383.0
606.130992833,16383.0
606.388139032,16383.0
606.645276285,16383.0
606.902404593,16383.0
607.159523954,16383.0
607.416634366,16383.0
607.673735828,16383.0
607.930828339,16383.0
608.187911897,16383.0
608.444986501,16383.0
608.70205215,16383.0
608.959108842,16383.0
609.216156576,16383.0
609.47319535,16383.0
609.730225163,16383.0
609.987246015,16383.0
610.244257903,16383.0
610.501260825,16383.0
610.758254782,16383.0
611.015239771,16383.0
611.272215791,16383.0
611.52918284,16383.0
611.786140918,16383.0
612.043090022,16383.0
612.300030153,16383.0
612.556961307,16383.0
612.813883484,16383.0
613.070796682,16383.0
613.327700901,16383.0
613.584596138,16383.0
613.841482393,16383.0
614.098359663,16383.0
614.355227949,16383.0
614.612087247,16383.0
614.868937557,16383.0
615.125778878,16383.0
615.382611208,16383.0
615.639434546,16383.0
615.89624889,16383.0
616.153054239,16383.0
616.409850592,16383.0
616.666637948,16383.0
616.923416304,16383.0
617.18018566,16383.0
617.436946014,16383.0
617.693697365,16383.0
617.950439712,16383.0
618.207173052,16383.0
618.463897386,16383.0
618.720612711,16383.0
618.977319026,16383.0
619.234016329,16383.0
619.49070462,16383.0
619.747383897,16383.0
620.004054159,16383.0
620.260715404,16383.0
620.517367631,16383.0
620.774010838,16383.0
621.030645024,16383.0
621.287270189,16383.0
621.543886329,16383.0
621.800493445,16383.0
622.057091534,16383.0
622.313680596,16383.0
622.570260629,12804.0
622.826831631,6324.0
623.083393602,11864.0
623.339946539,6225.0
623.596490442,11856.0
623.853025309,6228.0
624.109551139,11848.0
624.36606793,6210.0
624.622575682,11848.0
624.879074392,6209.0
625.135564059,11840.0
625.392044683,5888.0
625.648516261,11112.0
625.904978792,2013.0
626.161432275,1212.0
626.417876709,1116.0
626.674312092,1118.0
626.930738422,1110.0
627.187155699,1119.0
627.443563922,1097.0
627.699963087,1102.0
627.956353196,1107.0
628.212734245,1090.0
628.469106233,1072.0
628.72546916,1072.0
628.981823024,1082.0
629.238167824,1088.0
629.494503557,1093.0
629.750830223,1096.0
630.007147821,1090.0
630.263456349,1078.0
630.519755806,1063.0
630.776046189,1082.0
631.032327499,1074.0
631.288599734,1074.0
631.544862891,1076.0
631.801116971,1056.0
632.057361971,1040.0
632.31359789,1047.0
632.569824727,1050.0
632.826042481,1044.0
633.082251149,1018.0
633.338450732,1016.0
633.594641226,1019.0
633.850822632,1014.0
634.106994947,1013.0
634.36315817,1016.0
634.6193123,1003.0
634.875457336,1004.0
635.131593276,999.0
635.387720119,985.0
635.643837863,993.0
635.899946507,986.0
636.15604605,992.0
636.41213649,985.0
636.668217827,986.0
636.924290058,974.0
637.180353182,977.0
637.436407198,979.0
637.692452104,969.0
637.9484879,978.0
638.204514583,973.0
638.460532153,969.0
638.716540608,958.0
638.972539947,969.0
639.228530167,963.0
639.484511269,969.0
639.740483251,970.0
639.996446111,958.0
640.252399847,954.0
640.50834446,968.0
640.764279946,956.0
641.020206305,955.0
641.276123536,960.0
641.532031636,949.0
641.787930605,958.0
642.043820442,953.0
642.299701145,968.0
642.555572712,963.0
642.811435142,966.0
643.067288435,954.0
643.323132588,967.0
643.5789676,940.0
643.83479347,938.0
644.090610196,940.0
644.346417777,931.0
644.602216212,935.0
644.858005499,922.0
645.113785638,925.0
645.369556626,930.0
645.625318462,949.0
645.881071145,947.0
646.136814673,927.0
646.392549046,924.0
646.648274262,934.0
646.903990319,936.0
647.159697216,930.0
647.415394951,938.0
647.671083524,932.0
647.926762933,926.0
648.182433177,930.0
648.438094254,924.0
648.693746163,917.0
648.949388902,926.0
649.20502247,917.0
649.460646866,924.0
649.716262089,937.0
649.971868137,930.0
650.227465008,917.0
650.483052702,917.0
650.738631217,930.0
650.994200551,936.0
651.249760703,931.0
651.505311673,927.0
651.760853458,925.0
652.016386057,930.0
652.271909469,918.0
652.527423692,922.0
652.782928725,928.0
653.038424567,908.0
653.293911217,909.0
653.549388672,917.0
653.804856932,911.0
654.060315995,920.0
654.315765861,918.0
654.571206526,905.0
654.826637991,907.0
655.082060254,908.0
655.337473312,909.0
655.592877167,912.0
655.848271814,914.0
656.103657254,919.0
656.359033485,913.0
656.614400506,911.0
656.869758315,908.0
657.125106911,896.0
657.380446292,902.0
657.635776458,915.0
657.891097406,903.0
658.146409135,891.0
658.401711645,899.0
658.657004934,896.0
658.912288999,884.0
659.167563841,891.0
659.422829458,892.0
659.678085847,897.0
659.933333009,904.0
660.188570941,902.0
660.443799642,908.0
660.699019111,899.0
660.954229346,901.0
661.209430346,894.0
661.46462211,910.0
661.719804637,896.0
661.974977924,903.0
662.230141971,901.0
662.485296777,905.0
662.740442339,894.0
662.995578656,884.0
663.250705728,896.0
663.505823553,885.0
663.760932129,887.0
664.016031455,876.0
664.27112153,896.0
664.526202352,888.0
664.78127392,888.0
665.036336233,900.0
665.291389289,902.0
665.546433086,893.0
665.801467625,896.0
666.056492902,890.0
666.311508918,892.0
666.566515669,889.0
666.821513156,896.0
667.076501376,883.0
667.331480329,893.0
667.586450013,889.0
667.841410426,889.0
668.096361568,888.0
668.351303436,886.0
668.606236031,868.0
668.861159349,885.0
669.11607339,883.0
669.370978152,875.0
669.625873634,876.0
669.880759836,869.0
670.135636754,872.0
670.390504388,885.0
670.645362737,896.0
670.9002118,884.0
671.155051574,884.0
671.409882059,880.0
671.664703252,881.0
671.919515154,881.0
672.174317762,880.0
672.429111075,876.0
672.683895092,874.0
672.938669811,884.0
673.193435231,874.0
673.448191351,881.0
673.702938169,881.0
673.957675684,882.0
674.212403894,878.0
674.467122799,860.0
674.721832396,875.0
674.976532685,885.0
675.231223663,873.0
675.485905331,870.0
675.740577686,863.0
675.995240726,870.0
676.249894452,868.0
676.50453886,882.0
676.759173951,886.0
677.013799722,888.0
677.268416172,880.0
677.5230233,873.0
677.777621104,863.0
678.032209584,869.0
678.286788737,865.0
678.541358562,865.0
678.795919059,871.0
679.050470225,869.0
679.305012059,867.0
679.55954456,866.0
679.814067727,869.0
680.068581558,870.0
680.323086051,869.0
680.577581206,876.0
680.832067022,875.0
681.086543495,876.0
681.341010626,866.0
681.595468414,871.0
681.849916855,868.0
682.10435595,879.0
682.358785697,874.0
682.613206094,868.0
682.867617141,869.0
683.122018835,880.0
683.376411176,873.0
683.630794161,869.0
683.885167791,860.0
684.139532063,869.0
684.393886975,875.0
684.648232528,878.0
684.902568718,853.0
685.156895546,863.0
685.411213009,876.0
685.665521106,880.0
685.919819836,871.0
686.174109197,872.0
686.428389189,861.0
686.682659809,861.0
686.936921056,872.0
687.19117293,863.0
687.445415428,888.0
687.699648549,862.0
687.953872292,860.0
688.208086656,859.0
688.462291639,864.0
688.716487239,864.0
688.970673456,861.0
689.224850288,867.0
689.479017734,868.0
689.733175792,868.0
689.987324461,857.0
690.24146374,857.0
690.495593627,870.0
690.74971412,871.0
691.00382522,853.0
691.257926923,863.0
691.512019229,870.0
691.766102137,869.0
692.020175645,863.0
692.274239751,864.0
692.528294455,848.0
692.782339755,868.0
693.036375649,871.0
693.290402137,869.0
693.544419216,867.0
693.798426886,865.0
694.052425145,865.0
694.306413992,870.0
694.560393425,868.0
694.814363444,851.0
695.068324046,852.0
695.32227523,860.0
695.576216995,852.0
695.83014934,858.0
696.084072264,848.0
696.337985764,852.0
696.591889839,858.0
696.845784489,864.0
697.099669712,866.0
697.353545506,861.0
697.60741187,858.0
697.861268802,870.0
698.115116302,867.0
698.368954368,863.0
698.622782999,865.0
698.876602193,862.0
699.130411948,851.0
699.384212265,863.0
699.63800314,853.0
699.891784573,854.0
700.145556563,849.0
700.399319108,849.0
700.653072206,853.0
700.906815857,852.0
701.160550058,859.0
701.41427481,856.0
701.667990109,855.0
701.921695955,851.0
702.175392347,837.0
702.429079283,840.0
702.682756762,846.0
702.936424782,855.0
703.190083343,854.0
703.443732442,868.0
703.697372078,858.0
703.95100225,853.0
704.204622957,861.0
704.458234197,857.0
704.711835969,855.0
704.965428272,870.0
705.219011104,863.0
705.472584463,871.0
705.726148349,864.0
705.97970276,865.0
706.233247694,878.0
706.486783151,861.0
706.740309129,869.0
706.993825627,864.0
707.247332643,866.0
707.500830175,877.0
707.754318224,867.0
708.007796786,873.0
708.261265861,859.0
708.514725447,865.0
708.768175544,865.0
709.021616149,865.0
709.275047262,862.0
709.528468881,863.0
709.781881004,860.0
710.03528363,882.0
710.288676758,880.0
710.542060387,869.0
710.795434515,857.0
711.048799141,868.0
711.302154263,865.0
711.55549988,854.0
711.808835991,865.0
712.062162594,869.0
712.315479689,860.0
712.568787272,860.0
712.822085344,862.0
713.075373903,870.0
713.328652948,875.0
713.581922476,852.0
713.835182488,849.0
714.088432981,858.0
714.341673953,846.0
714.594905405,845.0
714.848127334,851.0
715.101339739,860.0
715.354542618,849.0
715.607735971,838.0
715.860919795,846.0
716.11409409,837.0
716.367258855,837.0
716.620414087,847.0
716.873559785,849.0
717.126695949,842.0
717.379822576,840.0
717.632939665,851.0
717.886047216,845.0
718.139145226,843.0
718.392233694,845.0
718.645312619,848.0
718.898382,842.0
719.151441835,852.0
719.404492122,845.0
719.657532862,848.0
719.910564051,852.0
720.163585688,856.0
720.416597774,846.0
720.669600305,852.0
720.92259328,852.0
721.175576699,855.0
721.42855056,842.0
721.681514861,850.0
721.934469602,852.0
722.18741478,854.0
722.440350395,849.0
722.693276445,857.0
722.946192928,859.0
723.199099844,849.0
723.451997191,851.0
723.704884967,849.0
723.957763171,841.0
724.210631803,845.0
724.46349086,845.0
724.716340341,833.0
724.969180245,844.0
725.22201057,849.0
725.474831315,861.0
725.727642479,850.0
725.980444061,834.0
726.233236058,842.0
726.48601847,846.0
726.738791295,846.0
726.991554532,851.0
727.24430818,858.0
727.497052237,838.0
727.749786701,839.0
728.002511572,833.0
728.255226848,850.0
728.507932528,852.0
728.76062861,846.0
729.013315093,852.0
729.265991975,850.0
729.518659256,841.0
729.771316934,838.0
730.023965007,848.0
730.276603474,852.0
730.529232334,847.0
730.781851586,846.0
731.034461228,849.0
731.287061258,843.0
731.539651676,838.0
731.792232479,840.0
732.044803667,834.0
732.297365239,840.0
732.549917192,840.0
732.802459526,851.0
733.054992239,853.0
733.30751533,850.0
733.560028797,854.0
733.812532639,848.0
734.065026855,846.0
734.317511443,840.0
734.569986402,851.0
734.822451731,852.0
735.074907428,851.0
735.327353492,846.0
735.579789921,836.0
735.832216715,829.0
736.084633871,847.0
736.337041389,844.0
736.589439267,844.0
736.841827503,837.0
737.094206097,833.0
737.346575047,842.0
737.598934352,844.0
737.851284009,861.0
738.103624019,840.0
738.355954379,831.0
738.608275088,827.0
738.860586145,848.0
739.112887548,849.0
739.365179297,855.0
739.617461389,854.0
739.869733823,847.0
740.121996599,846.0
740.374249714,843.0
740.626493167,843.0
740.878726957,840.0
741.130951083,849.0
741.383165543,851.0
741.635370335,848.0
741.887565459,855.0
742.139750913,852.0
742.391926696,846.0
742.644092806,840.0
742.896249242,839.0
743.148396003,829.0
743.400533087,847.0
743.652660492,842.0
743.904778219,842.0
744.156886264,832.0
744.408984627,845.0
744.661073307,837.0
744.913152301,826.0
745.16522161,827.0
745.41728123,826.0
745.669331162,835.0
745.921371403,844.0
746.173401953,839.0
746.425422809,842.0
746.677433971,841.0
746.929435437,831.0
747.181427206,843.0
747.433409276,843.0
747.685381646,836.0
747.937344315,831.0
748.189297282,829.0
748.441240544,830.0
748.693174101,837.0
748.945097951,848.0
749.197012093,840.0
749.448916525,851.0
749.700811247,848.0
749.952696256,839.0
750.204571552,828.0
750.456437133,843.0
750.708292997,845.0
750.960139144,847.0
751.211975572,846.0
751.46380228,841.0
751.715619265,841.0
751.967426528,840.0
752.219224066,840.0
752.471011878,841.0
752.722789963,839.0
752.974558319,842.0
753.226316946,840.0
753.478065841,845.0
753.729805004,845.0
753.981534432,838.0
754.233254125,837.0
754.484964081,848.0
754.736664299,849.0
754.988354778,842.0
755.240035516,829.0
755.491706512,844.0
755.743367764,853.0
755.995019271,846.0
756.246661031,834.0
756.498293044,829.0
756.749915309,836.0
757.001527822,842.0
757.253130584,845.0
757.504723593,841.0
757.756306847,850.0
758.007880345,845.0
758.259444087,830.0
758.510998069,833.0
758.762542292,843.0
759.014076753,842.0
759.265601452,830.0
759.517116387,839.0
759.768621556,854.0
760.020116958,854.0
760.271602593,841.0
760.523078457,845.0
760.774544551,840.0
761.026000873,840.0
761.277447421,841.0
761.528884195,846.0
761.780311192,834.0
762.031728411,836.0
762.283135851,836.0
762.534533511,837.0
762.785921389,837.0
763.037299484,826.0
763.288667794,836.0
763.540026319,851.0
763.791375056,830.0
764.042714005,854.0
764.294043164,831.0
764.545362531,820.0
764.796672106,822.0
765.047971887,834.0
765.299261873,834.0
765.550542061,836.0
765.801812452,842.0
766.053073043,840.0
766.304323833,835.0
766.555564821,830.0
766.806796005,842.0
767.058017385,842.0
767.309228958,829.0
767.560430723,840.0
767.81162268,847.0
768.062804826,848.0
768.31397716,847.0
768.565139681,839.0
768.816292388,836.0
769.067435278,841.0
769.318568352,838.0
769.569691607,837.0
769.820805042,843.0
770.071908656,848.0
770.323002447,842.0
770.574086414,837.0
770.825160555,837.0
771.07622487,841.0
771.327279357,838.0
771.578324014,829.0
771.82935884,830.0
772.080383834,840.0
772.331398995,843.0
772.582404321,836.0
772.83339981,860.0
773.084385462,841.0
773.335361274,828.0
773.586327246,846.0
773.837283377,846.0
774.088229664,851.0
774.339166107,847.0
774.590092704,847.0
774.841009453,846.0
775.091916355,843.0
775.342813406,845.0
775.593700606,829.0
775.844577953,829.0
776.095445446,834.0
776.346303084,831.0
776.597150865,841.0
776.847988788,837.0
777.098816851,843.0
777.349635053,849.0
777.600443394,852.0
777.85124187,846.0
778.102030482,854.0
778.352809228,841.0
778.603578105,840.0
778.854337114,834.0
779.105086252,838.0
779.355825519,845.0
779.606554912,848.0
779.857274431,839.0
780.107984074,839.0
780.35868384,839.0
780.609373728,838.0
780.860053735,838.0
781.110723861,830.0
781.361384104,839.0
781.612034464,845.0
781.862674938,824.0
782.113305525,835.0
782.363926224,839.0
782.614537033,836.0
782.865137952,832.0
783.115728978,828.0
783.366310111,825.0
783.616881349,838.0
783.867442691,843.0
784.117994135,832.0
784.368535679,825.0
784.619067324,823.0
784.869589067,833.0
785.120100906,832.0
785.370602841,840.0
785.621094871,835.0
785.871576993,840.0
786.122049206,836.0
786.372511509,845.0
786.622963902,835.0
786.873406381,842.0
787.123838947,851.0
787.374261597,830.0
787.62467433,838.0
787.875077145,845.0
788.125470041,855.0
788.375853015,841.0
788.626226068,839.0
788.876589197,846.0
789.126942401,842.0
789.377285679,837.0
789.627619029,842.0
789.87794245,845.0
790.128255941,841.0
790.378559499,833.0
790.628853125,832.0
790.879136816,854.0
791.129410572,839.0
791.37967439,848.0
791.629928269,848.0
791.880172209,845.0
792.130406207,827.0
792.380630263,839.0
792.630844375,851.0
792.881048541,857.0
793.13124276,852.0
793.381427031,840.0
793.631601353,837.0
793.881765724,837.0
794.131920143,838.0
794.382064608,835.0
794.632199118,844.0
794.882323672,825.0
795.132438268,833.0
795.382542905,836.0
795.632637582,849.0
795.882722297,839.0
796.132797049,841.0
796.382861836,832.0
796.632916658,837.0
796.882961512,835.0
797.132996398,829.0
797.383021314,825.0
797.633036258,849.0
797.88304123,836.0
798.133036227,838.0
798.38302125,831.0
798.632996295,829.0
798.882961363,817.0
799.132916451,840.0
799.382861558,841.0
799.632796682,832.0
799.882721824,833.0
800.13263698,836.0
800.38254215,833.0
800.632437332,833.0
800.882322526,834.0
801.132197728,834.0
801.38206294,833.0
801.631918158,841.0
801.881763381,836.0
802.131598609,833.0
802.381423839,831.0
802.631239071,825.0
802.881044303,830.0
803.130839533,833.0
803.380624761,840.0
803.630399985,843.0
803.880165203,842.0
804.129920415,842.0
804.379665618,832.0
804.629400813,839.0
804.879125996,857.0
805.128841167,845.0
805.378546324,828.0
805.628241466,836.0
805.877926593,843.0
806.127601701,837.0
806.37726679,824.0
806.626921859,827.0
806.876566906,838.0
807.126201931,844.0
807.37582693,850.0
807.625441904,849.0
807.87504685,844.0
808.124641768,833.0
808.374226656,818.0
808.623801513,844.0
808.873366337,844.0
809.122921127,845.0
809.372465881,835.0
809.622000599,848.0
809.871525279,849.0
810.121039919,834.0
810.370544518,828.0
810.620039075,830.0
810.869523589,838.0
811.118998057,837.0
811.368462479,826.0
811.617916854,833.0
811.867361179,844.0
812.116795454,837.0
812.366219678,839.0
812.615633848,856.0
812.865037964,851.0
813.114432023,830.0
813.363816026,838.0
813.61318997,842.0
813.862553854,829.0
814.111907677,838.0
814.361251437,837.0
814.610585133,827.0
814.859908764,826.0
815.109222327,831.0
815.358525823,833.0
815.607819249,836.0
815.857102605,842.0
816.106375888,838.0
816.355639097,837.0
816.604892232,840.0
816.85413529,835.0
817.103368271,841.0
817.352591173,845.0
817.601803994,833.0
817.851006733,835.0
818.100199389,846.0
818.349381961,826.0
818.598554447,837.0
818.847716846,839.0
819.096869156,845.0
819.346011376,832.0
819.595143505,843.0
819.844265541,835.0
820.093377483,840.0
820.34247933,841.0
820.59157108,843.0
820.840652732,840.0
821.089724284,841.0
821.338785735,837.0
821.587837085,850.0
821.83687833,851.0
822.085909471,834.0
822.334930505,840.0
822.583941432,831.0
822.83294225,832.0
823.081932957,838.0
823.330913552,842.0
823.579884035,829.0
823.828844403,838.0
824.077794655,828.0
824.326734789,834.0
824.575664805,838.0
824.824584702,840.0
825.073494477,838.0
825.322394129,837.0
825.571283657,840.0
825.82016306,834.0
826.069032336,848.0
826.317891484,852.0
826.566740502,850.0
826.81557939,843.0
827.064408145,825.0
827.313226767,832.0
827.562035253,826.0
827.810833604,836.0
828.059621817,856.0
828.30839989,844.0
828.557167824,848.0
828.805925615,851.0
829.054673264,861.0
829.303410768,852.0
829.552138126,845.0
829.800855337,844.0
830.049562399,829.0
830.298259311,824.0
830.546946072,832.0
830.79562268,836.0
831.044289135,836.0
831.292945433,841.0
831.541591576,838.0
831.790227559,833.0
832.038853384,841.0
832.287469048,840.0
832.536074549,843.0
832.784669887,837.0
833.03325506,834.0
833.281830066,838.0
833.530394905,841.0
833.778949575,838.0
834.027494074,844.0
834.276028402,840.0
834.524552556,838.0
834.773066536,834.0
835.02157034,841.0
835.270063967,832.0
835.518547415,844.0
835.767020684,847.0
836.015483771,833.0
836.263936675,832.0
836.512379396,832.0
836.76081193,832.0
837.009234279,836.0
837.257646439,841.0
837.506048409,844.0
837.754440189,835.0
838.002821776,829.0
838.25119317,833.0
838.499554369,826.0
838.747905371,822.0
838.996246176,842.0
839.244576782,844.0
839.492897188,823.0
839.741207391,826.0
839.989507392,841.0
840.237797188,838.0
840.486076778,838.0
840.734346161,839.0
840.982605335,838.0
841.2308543,846.0
841.479093053,842.0
841.727321593,841.0
841.97553992,841.0
842.223748031,839.0
842.471945925,836.0
842.720133601,839.0
842.968311057,842.0
843.216478293,832.0
843.464635307,831.0
843.712782096,838.0
843.960918661,839.0
844.209045,842.0
844.457161111,834.0
844.705266993,834.0
844.953362644,831.0
845.201448064,830.0
845.449523251,830.0
845.697588203,835.0
845.945642919,831.0
846.193687398,826.0
846.441721638,838.0
846.689745639,832.0
846.937759398,840.0
847.185762914,833.0
847.433756187,827.0
847.681739214,839.0
847.929711994,833.0
848.177674526,848.0
848.425626809,849.0
848.67356884,846.0
848.92150062,834.0
849.169422146,833.0
849.417333417,839.0
849.665234431,826.0
849.913125188,822.0
850.161005686,835.0
850.408875924,843.0
850.6567359,832.0
850.904585612,831.0
851.15242506,831.0
851.400254243,841.0
851.648073158,837.0
851.895881804,838.0
852.14368018,838.0
852.391468286,844.0
852.639246118,847.0
852.887013677,836.0
853.13477096,840.0
853.382517966,832.0
853.630254694,832.0
853.877981143,843.0
854.12569731,828.0
854.373403196,830.0
854.621098798,851.0
854.868784115,845.0
855.116459145,851.0
855.364123888,842.0
855.611778342,826.0
855.859422506,826.0
856.107056378,843.0
856.354679956,829.0
856.60229324,820.0
856.849896229,829.0
857.09748892,833.0
857.345071312,833.0
857.592643405,832.0
857.840205196,837.0
858.087756684,826.0
858.335297869,828.0
858.582828748,844.0
858.83034932,831.0
859.077859584,834.0
859.325359539,821.0
859.572849183,828.0
859.820328514,822.0
860.067797532,830.0
860.315256235,831.0
860.562704622,837.0
860.810142691,840.0
861.057570441,839.0
861.304987871,828.0
861.552394978,829.0
861.799791763,826.0
862.047178223,832.0
862.294554357,834.0
862.541920164,840.0
862.789275643,839.0
863.036620791,831.0
863.283955609,825.0
863.531280093,836.0
863.778594244,838.0
864.025898059,839.0
864.273191537,827.0
864.520474677,828.0
864.767747478,832.0
865.015009938,824.0
865.262262055,824.0
865.509503829,829.0
865.756735258,825.0
866.003956341,825.0
866.251167076,839.0
866.498367462,837.0
866.745557497,842.0
866.992737181,839.0
867.239906512,828.0
867.487065488,825.0
867.734214108,834.0
867.981352371,838.0
868.228480276,835.0
868.47559782,826.0
868.722705003,822.0
868.969801824,829.0
869.21688828,838.0
869.463964372,838.0
869.711030096,840.0
869.958085452,834.0
870.205130439,836.0
870.452165054,846.0
870.699189298,848.0
870.946203168,841.0
871.193206663,828.0
871.440199782,823.0
871.687182523,837.0
871.934154885,830.0
872.181116866,827.0
872.428068466,826.0
872.675009683,827.0
872.921940515,837.0
873.168860961,840.0
873.41577102,827.0
873.662670691,829.0
873.909559971,832.0
874.15643886,837.0
874.403307357,844.0
874.650165459,834.0
874.897013166,842.0
875.143850477,843.0
875.390677389,842.0
875.637493901,841.0
875.884300013,827.0
876.131095723,824.0
876.377881029,832.0
876.62465593,825.0
876.871420424,838.0
877.118174511,832.0
877.364918189,833.0
877.611651457,833.0
877.858374313,825.0
878.105086755,828.0
878.351788783,831.0
878.598480396,834.0
878.845161591,825.0
879.091832367,833.0
879.338492724,828.0
879.585142659,835.0
879.831782171,839.0
880.07841126,842.0
880.325029923,834.0
880.571638159,846.0
880.818235967,837.0
881.064823346,840.0
881.311400293,820.0
881.557966809,818.0
881.804522891,831.0
882.051068538,852.0
882.297603749,826.0
882.544128522,815.0
882.790642856,838.0
883.037146749,823.0
883.283640201,824.0
883.530123209,836.0
883.776595774,840.0
884.023057892,840.0
884.269509563,839.0
884.515950785,836.0
884.762381558,831.0
885.008801879,826.0
885.255211747,845.0
885.501611162,836.0
885.748000121,823.0
885.994378623,814.0
886.240746667,838.0
886.487104252,840.0
886.733451375,837.0
886.979788037,839.0
887.226114235,842.0
887.472429968,837.0
887.718735234,816.0
887.965030033,818.0
888.211314363,825.0
888.457588223,837.0
888.70385161,836.0
888.950104525,837.0
889.196346965,833.0
889.442578929,824.0
889.688800416,828.0
889.935011425,837.0
890.181211953,835.0
890.427402,828.0
890.673581565,822.0
890.919750645,828.0
891.16590924,825.0
891.412057348,828.0
891.658194968,843.0
891.904322099,837.0
892.150438738,838.0
892.396544886,827.0
892.64264054,822.0
892.888725699,829.0
893.134800361,826.0
893.380864526,835.0
893.626918192,831.0
893.872961357,825.0
894.118994021,826.0
894.365016182,827.0
894.611027838,826.0
894.857028988,838.0
895.103019631,843.0
895.348999765,825.0
895.59496939,823.0
895.840928503,826.0
896.086877103,823.0
896.332815189,836.0
896.57874276,828.0
896.824659814,837.0
897.07056635,823.0
897.316462367,837.0
897.562347863,836.0
897.808222836,821.0
898.054087286,826.0
898.299941211,837.0
898.545784609,836.0
898.79161748,834.0
899.037439822,829.0
899.283251633,835.0
899.529052913,826.0
899.774843659,826.0
900.020623871,823.0
900.266393547,839.0
900.512152686,837.0
900.757901287,838.0
901.003639347,822.0
901.249366866,816.0
901.495083842,818.0
901.740790275,827.0
901.986486161,832.0
902.232171501,842.0
902.477846293,836.0
902.723510536,813.0
902.969164227,826.0
903.214807367,828.0
903.460439953,827.0
903.706061983,841.0
903.951673458,834.0
904.197274375,837.0
904.442864732,829.0
904.68844453,837.0
904.934013765,821.0
905.179572438,833.0
905.425120546,829.0
905.670658088,839.0
905.916185062,832.0
906.161701469,828.0
906.407207305,812.0
906.65270257,825.0
906.898187262,817.0
907.14366138,817.0
907.389124923,832.0
907.634577889,828.0
907.880020277,844.0
908.125452086,844.0
908.370873313,837.0
908.616283958,827.0
908.86168402,837.0
909.107073497,837.0
909.352452387,837.0
909.59782069,840.0
909.843178404,834.0
910.088525527,835.0
910.333862058,817.0
910.579187997,826.0
910.82450334,831.0
911.069808088,839.0
911.315102239,834.0
911.560385791,843.0
911.805658744,837.0
912.050921094,829.0
912.296172843,828.0
912.541413987,823.0
912.786644525,835.0
913.031864457,824.0
913.277073781,824.0
913.522272496,823.0
913.767460599,820.0
914.01263809,831.0
914.257804968,824.0
914.50296123,829.0
914.748106877,833.0
914.993241905,822.0
915.238366315,819.0
915.483480104,819.0
915.728583272,832.0
915.973675816,846.0
916.218757736,832.0
916.46382903,828.0
916.708889696,825.0
916.953939734,827.0
917.198979142,821.0
917.444007919,836.0
917.689026063,844.0
917.934033573,844.0
918.179030448,828.0
918.424016686,825.0
918.668992286,831.0
918.913957246,833.0
919.158911565,845.0
919.403855242,833.0
919.648788276,838.0
919.893710664,831.0
920.138622407,827.0
920.383523501,823.0
920.628413947,836.0
920.873293742,828.0
921.118162885,832.0
921.363021375,840.0
921.607869211,843.0
921.852706391,825.0
922.097532913,833.0
922.342348777,835.0
922.587153981,820.0
922.831948524,832.0
923.076732404,834.0
923.32150562,826.0
923.566268171,825.0
923.811020054,829.0
924.05576127,825.0
924.300491816,834.0
924.545211691,830.0
924.789920894,821.0
925.034619424,814.0
925.279307278,829.0
925.523984456,824.0
925.768650957,825.0
926.013306778,813.0
926.257951919,825.0
926.502586378,832.0
926.747210155,829.0
926.991823246,827.0
927.236425652,826.0
927.48101737,833.0
927.7255984,835.0
927.97016874,827.0
928.214728389,832.0
928.459277345,820.0
928.703815606,818.0
928.948343173,818.0
929.192860043,839.0
929.437366214,824.0
929.681861686,827.0
929.926346457,819.0
930.170820526,830.0
930.415283891,836.0
930.659736552,833.0
930.904178506,837.0
931.148609752,828.0
931.39303029,842.0
931.637440116,829.0
931.881839232,820.0
932.126227634,824.0
932.370605321,829.0
932.614972293,828.0
932.859328547,840.0
933.103674083,846.0
933.348008899,833.0
933.592332993,825.0
933.836646365,828.0
934.080949013,837.0
934.325240935,830.0
934.56952213,831.0
934.813792598,836.0
935.058052336,818.0
935.302301343,823.0
935.546539618,814.0
935.790767159,823.0
936.034983965,827.0
936.279190035,832.0
936.523385367,822.0
936.76756996,834.0
937.011743813,840.0
937.255906924,825.0
937.500059292,829.0
937.744200915,835.0
937.988331793,829.0
938.232451923,832.0
938.476561305,839.0
938.720659936,822.0
938.964747817,816.0
939.208824944,829.0
939.452891318,832.0
939.696946936,836.0
939.940991798,838.0
940.185025901,836.0
940.429049245,833.0
940.673061828,818.0
940.917063648,829.0
941.161054705,841.0
941.405034998,835.0
941.649004523,822.0
941.892963281,828.0
942.13691127,826.0
942.380848489,830.0
942.624774936,836.0
942.86869061,832.0
943.112595509,827.0
943.356489632,841.0
943.600372978,835.0
943.844245546,832.0
944.088107333,819.0
944.33195834,826.0
944.575798563,828.0
944.819628003,829.0
945.063446657,825.0
945.307254524,830.0
945.551051603,829.0
945.794837893,833.0
946.038613392,832.0
946.282378098,834.0
946.526132011,825.0
946.769875129,824.0
947.013607451,813.0
947.257328975,822.0
947.5010397,813.0
947.744739624,823.0
947.988428747,831.0
948.232107067,828.0
948.475774582,818.0
948.719431291,841.0
948.963077193,840.0
949.206712286,831.0
949.45033657,820.0
949.693950042,826.0
949.937552701,832.0
950.181144546,829.0
950.424725576,838.0
950.66829579,837.0
950.911855185,820.0
951.15540376,824.0
951.398941515,832.0
951.642468447,833.0
951.885984556,833.0
952.12948984,833.0
952.372984297,834.0
952.616467927,830.0
952.859940728,826.0
953.103402698,835.0
953.346853837,829.0
953.590294142,824.0
953.833723613,818.0
954.077142248,833.0
954.320550046,835.0
954.563947005,829.0
954.807333125,837.0
955.050708402,839.0
955.294072838,833.0
955.537426429,833.0
955.780769175,834.0
956.024101074,823.0
956.267422125,825.0
956.510732326,827.0
956.754031676,822.0
956.997320175,829.0
957.240597819,842.0
957.483864609,837.0
957.727120542,828.0
957.970365618,836.0
958.213599835,830.0
958.456823191,824.0
958.700035685,837.0
958.943237317,836.0
959.186428083,827.0
959.429607984,828.0
959.672777018,827.0
959.915935183,839.0
960.159082478,842.0
960.402218902,833.0
960.645344453,818.0
960.88845913,836.0
961.131562932,836.0
961.374655856,834.0
961.617737903,836.0
961.86080907,836.0
962.103869357,828.0
962.346918761,825.0
962.589957281,828.0
962.832984917,840.0
963.076001666,828.0
963.319007527,837.0
963.5620025,839.0
963.804986582,836.0
964.047959772,834.0
964.290922069,824.0
964.533873472,824.0
964.776813979,819.0
965.019743588,819.0
965.262662299,828.0
965.50557011,838.0
965.74846702,841.0
965.991353026,834.0
966.234228129,834.0
966.477092327,828.0
966.719945617,839.0
966.962788,836.0
967.205619473,830.0
967.448440035,841.0
967.691249685,840.0
967.934048421,819.0
968.176836243,821.0
968.419613148,824.0
968.662379135,826.0
968.905134203,820.0
969.147878351,827.0
969.390611577,820.0
969.63333388,830.0
969.876045259,833.0
970.118745711,835.0
970.361435237,835.0
970.604113833,837.0
970.8467815,828.0
971.089438235,828.0
971.332084038,829.0
971.574718907,828.0
971.81734284,846.0
972.059955837,841.0
972.302557895,838.0
972.545149014,825.0
972.787729192,832.0
973.030298428,837.0
973.27285672,836.0
973.515404067,833.0
973.757940468,821.0
974.000465921,832.0
974.242980425,829.0
974.485483979,825.0
974.727976581,827.0
974.970458229,831.0
975.212928924,824.0
975.455388662,827.0
975.697837443,834.0
975.940275266,826.0
976.182702128,828.0
976.425118029,838.0
976.667522968,825.0
976.909916942,831.0
977.152299952,826.0
977.394671994,833.0
977.637033068,830.0
977.879383173,835.0
978.121722306,838.0
978.364050468,836.0
978.606367656,834.0
978.848673869,825.0
979.090969105,822.0
979.333253364,838.0
979.575526644,834.0
979.817788944,833.0
980.060040262,837.0
980.302280596,843.0
980.544509946,844.0
980.78672831,836.0
981.028935687,828.0
981.271132076,825.0
981.513317474,820.0
981.755491881,823.0
981.997655295,836.0
982.239807716,830.0
982.481949141,828.0
982.724079569,829.0
982.966198999,832.0
983.208307429,835.0
983.450404859,833.0
983.692491286,827.0
983.93456671,815.0
984.176631129,826.0
984.418684541,832.0
984.660726946,836.0
984.902758341,830.0
985.144778727,829.0
985.3867881,835.0
985.628786461,838.0
985.870773806,840.0
986.112750136,838.0
986.354715449,838.0
986.596669743,833.0
986.838613017,837.0
987.08054527,829.0
987.3224665,828.0
987.564376706,832.0
987.806275887,825.0
988.048164041,829.0
988.290041167,828.0
988.531907263,849.0
988.773762328,840.0
989.015606362,830.0
989.257439361,832.0
989.499261326,830.0
989.741072254,822.0
989.982872144,835.0
990.224660996,833.0
990.466438807,838.0
990.708205576,829.0
990.949961302,828.0
991.191705984,834.0
991.43343962,844.0
991.675162208,833.0
991.916873748,832.0
992.158574238,837.0
992.400263677,829.0
992.641942063,819.0
992.883609395,832.0
993.125265671,832.0
993.366910891,837.0
993.608545052,835.0
993.850168154,834.0
994.091780195,833.0
994.333381174,846.0
994.57497109,828.0
994.81654994,828.0
995.058117724,810.0
995.29967444,818.0
995.541220088,830.0
995.782754664,824.0
996.024278169,826.0
996.265790601,828.0
996.507291959,827.0
996.74878224,832.0
996.990261445,839.0
997.23172957,834.0
997.473186616,838.0
997.71463258,842.0
997.956067462,829.0
998.19749126,826.0
998.438903972,826.0
998.680305597,823.0
998.921696135,812.0
999.163075583,822.0
999.404443939,819.0
999.645801204,823.0
999.887147375,828.0
1000.12848245,840.0
1000.36980643,824.0
1000.61111931,828.0
1000.8524211,830.0
1001.09371178,818.0
1001.33499136,828.0
1001.57625984,837.0
1001.81751721,827.0
1002.05876348,823.0
1002.29999864,828.0
1002.54122269,832.0
1002.78243563,834.0
1003.02363746,836.0
1003.26482818,825.0
1003.50600778,824.0
1003.74717627,825.0
1003.98833364,824.0
1004.22947989,825.0
1004.47061503,837.0
1004.71173904,824.0
1004.95285193,826.0
1005.1939537,822.0
1005.43504434,834.0
1005.67612386,834.0
1005.91719224,834.0
1006.1582495,834.0
1006.39929563,834.0
1006.64033063,835.0
1006.88135449,835.0
1007.12236722,834.0
1007.36336881,836.0
1007.60435927,824.0
1007.84533859,832.0
1008.08630676,830.0
1008.3272638,845.0
1008.56820969,830.0
1008.80914444,830.0
1009.05006804,830.0
1009.2909805,833.0
1009.53188181,835.0
1009.77277197,836.0
1010.01365098,837.0
1010.25451883,834.0
1010.49537554,832.0
1010.73622108,828.0
1010.97705548,826.0
1011.21787871,841.0
1011.45869078,823.0
1011.6994917,832.0
1011.94028145,824.0
1012.18106004,831.0
1012.42182746,829.0
1012.66258372,831.0
1012.90332881,820.0
1013.14406274,836.0
1013.38478549,833.0
1013.62549707,824.0
1013.86619748,818.0
1014.10688672,829.0
1014.34756478,828.0
1014.58823166,833.0
1014.82888736,828.0
1015.06953189,834.0
1015.31016523,832.0
1015.55078739,833.0
1015.79139837,837.0
1016.03199817,822.0
1016.27258677,826.0
1016.51316419,841.0
1016.75373042,847.0
1016.99428546,828.0
1017.23482931,815.0
1017.47536197,826.0
1017.71588343,833.0
1017.95639369,830.0
1018.19689276,829.0
1018.43738063,829.0
1018.67785729,833.0
1018.91832276,841.0
1019.15877703,828.0
1019.39922009,833.0
1019.63965194,827.0
1019.88007259,828.0
1020.12048203,828.0
1020.36088026,834.0
1020.60126728,831.0
1020.84164309,824.0
1021.08200768,824.0
1021.32236106,828.0
1021.56270323,835.0
1021.80303417,829.0
1022.0433539,821.0
1022.2836624,833.0
1022.52395969,818.0
1022.76424575,826.0
1023.00452058,829.0
1023.24478419,833.0
1023.48503658,829.0
1023.72527773,836.0
1023.96550766,829.0
1024.20572635,833.0
1024.44593381,841.0
1024.68613004,837.0
1024.92631503,832.0
1025.16648878,833.0
1025.4066513,826.0
1025.64680257,819.0
1025.88694261,820.0
1026.1270714,824.0
1026.36718895,834.0
1026.60729526,830.0
1026.84739031,830.0
1027.08747413,816.0
1027.32754669,820.0
1027.567608,830.0
1027.80765806,818.0
1028.04769686,829.0
1028.28772442,837.0
1028.52774071,828.0
1028.76774575,834.0
1029.00773953,831.0
1029.24772205,829.0
1029.48769331,836.0
1029.72765331,834.0
1029.96760204,843.0
1030.20753951,828.0
1030.44746571,829.0
1030.68738064,824.0
1030.9272843,839.0
1031.16717669,842.0
1031.40705781,838.0
1031.64692766,837.0
1031.88678623,832.0
1032.12663352,829.0
1032.36646954,829.0
1032.60629427,828.0
1032.84610773,826.0
1033.08590991,824.0
1033.3257008,823.0
1033.56548041,825.0
1033.80524873,825.0
1034.04500576,829.0
1034.28475151,822.0
1034.52448596,814.0
1034.76420913,826.0
1035.003921,830.0
1035.24362158,827.0
1035.48331086,821.0
1035.72298885,837.0
1035.96265553,832.0
1036.20231092,823.0
1036.44195501,828.0
1036.68158779,832.0
1036.92120927,824.0
1037.16081945,831.0
1037.40041832,825.0
1037.64000588,829.0
1037.87958214,817.0
1038.11914708,820.0
1038.35870071,818.0
1038.59824303,819.0
1038.83777403,824.0
1039.07729372,819.0
1039.31680209,832.0
1039.55629914,840.0
1039.79578487,833.0
1040.03525928,849.0
1040.27472237,835.0
1040.51417413,827.0
1040.75361457,828.0
1040.99304368,832.0
1041.23246146,830.0
1041.47186792,829.0
1041.71126304,829.0
1041.95064683,830.0
1042.19001929,826.0
1042.42938041,828.0
1042.6687302,827.0
1042.90806864,832.0
1043.14739575,836.0
1043.38671152,831.0
1043.62601595,837.0
1043.86530903,825.0
1044.10459077,830.0
1044.34386116,843.0
1044.58312021,829.0
1044.82236791,828.0
1045.06160425,840.0
1045.30082925,829.0
1045.54004289,831.0
1045.77924518,828.0
1046.01843612,829.0
1046.25761569,830.0
1046.49678391,835.0
1046.73594077,830.0
1046.97508627,829.0
1047.21422041,833.0
1047.45334318,831.0
1047.69245459,822.0
1047.93155463,828.0
1048.1706433,827.0
1048.40972061,832.0
1048.64878654,817.0
1048.8878411,822.0
1049.12688429,841.0
1049.36591611,820.0
1049.60493654,820.0
1049.84394561,822.0
1050.08294329,835.0
1050.32192959,829.0
1050.56090451,831.0
1050.79986805,821.0
1051.03882021,834.0
1051.27776098,826.0
1051.51669036,819.0
1051.75560835,826.0
1051.99451496,824.0
1052.23341017,827.0
1052.47229399,821.0
1052.71116642,816.0
1052.95002746,813.0
1053.18887709,828.0
1053.42771533,822.0
1053.66654217,821.0
1053.90535761,822.0
1054.14416165,820.0
1054.38295429,824.0
1054.62173552,833.0
1054.86050534,832.0
1055.09926376,826.0
1055.33801077,833.0
1055.57674636,836.0
1055.81547055,829.0
1056.05418333,826.0
1056.29288469,823.0
1056.53157463,822.0
1056.77025316,832.0
1057.00892027,824.0
1057.24757596,838.0
1057.48622023,829.0
1057.72485308,826.0
1057.9634745,822.0
1058.2020845,830.0
1058.44068307,820.0
1058.67927022,826.0
1058.91784593,821.0
1059.15641022,830.0
1059.39496307,829.0
1059.63350449,827.0
1059.87203448,827.0
1060.11055303,839.0
1060.34906014,832.0
1060.58755582,830.0
1060.82604005,818.0
1061.06451284,826.0
1061.30297419,827.0
1061.5414241,830.0
1061.77986256,834.0
1062.01828958,834.0
1062.25670514,822.0
1062.49510926,824.0
1062.73350192,824.0
1062.97188314,823.0
1063.2102529,829.0
1063.4486112,818.0
1063.68695805,834.0
1063.92529344,834.0
1064.16361737,821.0
1064.40192984,825.0
1064.64023085,839.0
1064.8785204,828.0
1065.11679848,830.0
1065.35506509,828.0
1065.59332024,833.0
1065.83156392,836.0
1066.06979613,825.0
1066.30801687,836.0
1066.54622614,823.0
1066.78442393,832.0
1067.02261025,828.0
1067.26078509,833.0
1067.49894845,823.0
1067.73710033,823.0
1067.97524073,835.0
1068.21336965,829.0
1068.45148708,824.0
1068.68959303,825.0
1068.9276875,827.0
1069.16577047,828.0
1069.40384196,829.0
1069.64190196,826.0
1069.87995046,829.0
1070.11798748,839.0
1070.35601299,828.0
1070.59402701,834.0
1070.83202954,824.0
1071.07002056,829.0
1071.30800009,833.0
1071.54596811,825.0
1071.78392463,830.0
1072.02186965,844.0
1072.25980316,833.0
1072.49772517,830.0
1072.73563567,825.0
1072.97353465,835.0
1073.21142213,829.0
1073.4492981,826.0
1073.68716255,834.0
1073.92501548,832.0
1074.1628569,826.0
1074.4006868,838.0
1074.63850519,835.0
1074.87631205,831.0
1075.11410739,820.0
1075.35189121,820.0
1075.5896635,827.0
1075.82742427,841.0
1076.06517351,830.0
1076.30291122,836.0
1076.5406374,840.0
1076.77835205,834.0
1077.01605517,825.0
1077.25374675,827.0
1077.4914268,832.0
1077.72909531,831.0
1077.96675228,832.0
1078.20439771,826.0
1078.44203161,827.0
1078.67965396,830.0
1078.91726476,836.0
1079.15486402,842.0
1079.39245174,830.0
1079.63002791,837.0
1079.86759253,824.0
1080.10514559,821.0
1080.34268711,816.0
1080.58021707,823.0
1080.81773548,826.0
1081.05524233,839.0
1081.29273763,828.0
1081.53022137,827.0
1081.76769354,823.0
1082.00515416,827.0
1082.24260321,829.0
1082.4800407,832.0
1082.71746662,831.0
1082.95488098,833.0
1083.19228377,818.0
1083.42967499,819.0
1083.66705463,819.0
1083.90442271,820.0
1084.14177921,830.0
1084.37912414,836.0
1084.61645749,828.0
1084.85377926,824.0
1085.09108946,832.0
1085.32838807,838.0
1085.5656751,822.0
1085.80295055,823.0
1086.04021442,832.0
1086.27746669,841.0
1086.51470739,840.0
1086.75193649,838.0
1086.989154,812.0
1087.22635992,826.0
1087.46355425,827.0
1087.70073698,836.0
1087.93790812,834.0
1088.17506766,832.0
1088.41221561,822.0
1088.64935195,828.0
1088.8864767,830.0
1089.12358984,820.0
1089.36069138,827.0
1089.59778131,830.0
1089.83485964,828.0
1090.07192635,835.0
1090.30898146,827.0
1090.54602496,840.0
1090.78305685,829.0
1091.02007712,830.0
1091.25708578,833.0
1091.49408283,844.0
1091.73106825,838.0
1091.96804206,833.0
1092.20500425,832.0
1092.44195482,829.0
1092.67889376,823.0
1092.91582108,835.0
1093.15273678,830.0
1093.38964084,825.0
1093.62653328,834.0
1093.86341409,818.0
1094.10028327,828.0
1094.33714082,836.0
1094.57398673,837.0
1094.81082101,833.0
1095.04764365,835.0
1095.28445466,838.0
1095.52125402,826.0
1095.75804175,826.0
1095.99481783,824.0
1096.23158227,828.0
1096.46833507,822.0
1096.70507622,832.0
1096.94180572,837.0
1097.17852357,830.0
1097.41522977,831.0
1097.65192433,813.0
1097.88860723,819.0
1098.12527847,838.0
1098.36193806,848.0
1098.598586,836.0
1098.83522227,836.0
1099.07184689,844.0
1099.30845984,836.0
1099.54506113,824.0
1099.78165076,824.0
1100.01822873,827.0
1100.25479502,828.0
1100.49134965,832.0
1100.72789261,830.0
1100.9644239,834.0
1101.20094352,826.0
1101.43745147,821.0
1101.67394774,836.0
1101.91043234,834.0
1102.14690525,837.0
1102.38336649,836.0
1102.61981605,833.0
1102.85625393,843.0
1103.09268012,832.0
1103.32909464,834.0
1103.56549746,834.0
1103.8018886,825.0
1104.03826805,839.0
1104.27463581,836.0
1104.51099188,830.0
1104.74733626,829.0
1104.98366894,829.0
1105.21998993,820.0
1105.45629923,841.0
1105.69259682,827.0
1105.92888272,828.0
1106.16515692,833.0
1106.40141941,825.0
1106.6376702,833.0
1106.87390929,817.0
1107.11013667,824.0
1107.34635234,828.0
1107.58255631,840.0
1107.81874856,836.0
1108.0549291,838.0
1108.29109793,838.0
1108.52725505,820.0
1108.76340045,827.0
1108.99953414,822.0
1109.2356561,813.0
1109.47176635,826.0
1109.70786488,830.0
1109.94395168,837.0
1110.18002676,824.0
1110.41609012,830.0
1110.65214174,833.0
1110.88818165,836.0
1111.12420982,835.0
1111.36022626,830.0
1111.59623097,841.0
1111.83222394,833.0
1112.06820519,833.0
1112.30417469,835.0
1112.54013246,827.0
1112.77607849,840.0
1113.01201278,835.0
1113.24793533,825.0
1113.48384614,826.0
1113.7197452,836.0
1113.95563252,824.0
1114.19150809,821.0
1114.42737191,836.0
1114.66322398,838.0
1114.8990643,829.0
1115.13489287,832.0
1115.37070969,833.0
1115.60651475,821.0
1115.84230805,818.0
1116.0780896,825.0
1116.31385939,827.0
1116.54961741,835.0
1116.78536368,842.0
1117.02109818,838.0
1117.25682092,833.0
1117.49253189,824.0
1117.7282311,835.0
1117.96391853,828.0
1118.1995942,829.0
1118.43525809,839.0
1118.67091021,830.0
1118.90655056,831.0
1119.14217913,820.0
1119.37779593,833.0
1119.61340095,828.0
1119.84899418,832.0
1120.08457564,835.0
1120.32014532,825.0
1120.55570321,826.0
1120.79124931,829.0
1121.02678363,832.0
1121.26230617,832.0
1121.49781691,833.0
1121.73331586,821.0
1121.96880302,833.0
1122.20427839,841.0
1122.43974196,838.0
1122.67519374,835.0
1122.91063372,836.0
1123.1460619,829.0
1123.38147828,837.0
1123.61688286,841.0
1123.85227564,826.0
1124.08765661,826.0
1124.32302578,826.0
1124.55838314,826.0
1124.7937287,826.0
1125.02906244,826.0
1125.26438437,826.0
1125.49969449,826.0
1125.7349928,826.0
1125.97027929,826.0
1126.20555397,826.0
1126.44081682,826.0
1126.67606786,826.0
1126.91130708,826.0
1127.14653448,826.0
1127.38175005,826.0
1127.6169538,826.0
1127.85214572,826.0
1128.08732582,826.0
1128.32249409,826.0
1128.55765052,826.0
1128.79279513,826.0
1129.0279279,826.0
1129.26304884,826.0
1129.49815794,826.0
1129.73325521,826.0
1129.96834064,826.0
1130.20341423,826.0
1130.43847598,826.0
1130.67352588,826.0
1130.90856394,826.0
1131.14359016,826.0
1131.37860453,826.0
1131.61360705,826.0
1131.84859773,826.0
1132.08357655,826.0
1132.31854352,826.0
1132.55349864,826.0
1132.78844191,826.0
1133.02337332,826.0
1133.25829287,826.0
1133.49320056,826.0
1133.72809639,826.0
1133.96298036,826.0
1134.19785247,826.0
1134.43271272,826.0
1134.6675611,826.0
1134.90239761,826.0
1135.13722225,826.0
1135.37203503,826.0
1135.60683593,826.0
1135.84162496,826.0
1136.07640212,826.0
1136.3111674,826.0
1136.54592081,826.0
1136.78066234,826.0
1137.01539199,826.0
1137.25010976,826.0
1137.48481564,826.0
1137.71950965,826.0
1137.95419177,826.0
1138.188862,826.0
1138.42352035,826.0
1138.65816681,826.0
1138.89280137,826.0
1139.12742405,826.0
1139.36203483,826.0
1139.59663372,826.0
1139.83122072,826.0
1140.06579582,826.0
1140.30035902,826.0
1140.53491032,826.0
1140.76944972,826.0
1141.00397721,826.0
1141.23849281,826.0
1141.47299649,826.0
1141.70748828,826.0
1141.94196815,826.0
1142.17643612,826.0
1142.41089217,826.0
1142.64533631,826.0
1142.87976854,826.0
1143.11418886,826.0
1143.34859726,826.0
1143.58299374,826.0
1143.8173783,826.0
1144.05175095,826.0
1144.28611167,826.0
1144.52046047,826.0
1144.75479734,826.0
1144.98912229,826.0
1145.22343532,826.0
1145.45773641,826.0
1145.69202558,826.0
1145.92630281,826.0
1146.16056811,826.0
1146.39482148,826.0
1146.62906292,826.0
1146.86329241,826.0
1147.09750997,826.0
1147.3317156,826.0
1147.56590928,826.0
1147.80009101,826.0
1148.03426081,826.0
1148.26841866,826.0
1148.50256457,826.0
1148.73669852,826.0
1148.97082053,826.0
1149.20493059,826.0
1149.4390287,826.0
1149.67311485,826.0
1149.90718905,826.0
1150.1412513,826.0
1150.37530159,826.0
1150.60933992,826.0
1150.84336629,826.0
1151.0773807,826.0
1151.31138315,826.0
1151.54537363,826.0
1151.77935215,826.0
1152.0133187,826.0
1152.24727329,826.0
1152.48121591,826.0
1152.71514655,826.0
1152.94906523,826.0
1153.18297193,826.0
1153.41686665,826.0
1153.6507494,826.0
1153.88462018,826.0
1154.11847897,826.0
1154.35232579,826.0
1154.58616062,826.0
1154.81998347,826.0
1155.05379434,826.0
1155.28759322,826.0
1155.52138011,826.0
1155.75515502,826.0
1155.98891793,826.0
1156.22266886,826.0
1156.45640779,826.0
1156.69013473,826.0
1156.92384968,826.0
1157.15755263,826.0
1157.39124358,826.0
1157.62492253,826.0
1157.85858948,826.0
1158.09224443,826.0
1158.32588737,826.0
1158.55951832,826.0
1158.79313725,826.0
1159.02674418,826.0
1159.2603391,826.0
1159.49392201,826.0
1159.72749291,826.0
1159.9610518,826.0
1160.19459867,826.0
1160.42813352,826.0
1160.66165636,826.0
1160.89516719,826.0
1161.12866599,826.0
1161.36215277,826.0
1161.59562753,826.0
1161.82909026,826.0
1162.06254097,826.0
1162.29597966,826.0
1162.52940631,826.0
1162.76282094,826.0
1162.99622354,826.0
1163.2296141,826.0
1163.46299263,826.0
1163.69635913,826.0
1163.92971359,826.0
1164.16305602,826.0
1164.3963864,826.0
1164.62970475,826.0
1164.86301105,826.0
1165.09630531,826.0
1165.32958753,826.0
1165.5628577,826.0
1165.79611583,826.0
1166.0293619,826.0
1166.26259593,826.0
1166.49581791,826.0
1166.72902783,826.0