195.49567,826.0
195.765095591,832.0
196.034514361,852.0
196.30392631,833.0
196.573331437,821.0
196.84272974,825.0
197.112121217,835.0
197.381505868,823.0
197.65088369,817.0
197.920254683,821.0
198.189618846,821.0
198.458976176,822.0
198.728326672,810.0
198.997670334,808.0
199.267007159,831.0
199.536337147,827.0
199.805660296,813.0
200.074976604,822.0
200.344286071,819.0
200.613588695,826.0
200.882884474,829.0
201.152173407,825.0
201.421455493,825.0
201.690730731,827.0
201.959999119,827.0
202.229260655,826.0
202.498515339,838.0
202.767763169,835.0
203.037004143,816.0
203.306238261,816.0
203.575465521,826.0
203.844685921,825.0
204.11389946,838.0
204.383106137,837.0
204.652305951,843.0
204.9214989,829.0
205.190684982,830.0
205.459864197,827.0
205.729036543,844.0
205.998202019,827.0
206.267360622,819.0
206.536512353,822.0
206.805657209,832.0
207.07479519,832.0
207.343926293,837.0
207.613050518,822.0
207.882167863,817.0
208.151278326,831.0
208.420381907,814.0
208.689478604,813.0
208.958568415,835.0
209.22765134,820.0
209.496727377,839.0
209.765796524,836.0
210.034858781,830.0
210.303914145,842.0
210.572962616,828.0
210.842004192,822.0
211.111038871,824.0
211.380066653,837.0
211.649087536,828.0
211.918101519,821.0
212.1871086,817.0
212.456108778,824.0
212.725102051,833.0
212.994088419,846.0
213.263067879,848.0
213.532040431,836.0
213.801006073,832.0
214.069964803,832.0
214.338916621,845.0
214.607861525,826.0
214.876799514,819.0
215.145730586,834.0
215.41465474,833.0
215.683571974,844.0
215.952482288,828.0
216.221385679,811.0
216.490282147,823.0
216.75917169,827.0
217.028054307,829.0
217.296929996,830.0
217.565798756,829.0
217.834660586,826.0
218.103515483,823.0
218.372363448,847.0
218.641204479,846.0
218.910038573,841.0
219.178865731,834.0
219.44768595,818.0
219.716499229,825.0
219.985305567,828.0
220.254104962,840.0
220.522897413,821.0
220.791682918,827.0
221.060461477,836.0
221.329233088,834.0
221.59799775,814.0
221.866755461,835.0
222.135506219,830.0
222.404250024,830.0
222.672986874,829.0
222.941716768,835.0
223.210439704,818.0
223.479155681,824.0
223.747864698,822.0
224.016566753,837.0
224.285261845,840.0
224.553949972,821.0
224.822631134,816.0
225.091305329,824.0
225.359972555,830.0
225.628632811,830.0
225.897286096,825.0
226.165932408,819.0
226.434571746,824.0
226.703204109,824.0
226.971829495,819.0
227.240447903,827.0
227.509059331,840.0
227.777663779,827.0
228.046261245,829.0
228.314851727,830.0
228.583435224,844.0
228.852011735,831.0
229.120581258,829.0
229.389143792,830.0
229.657699336,823.0
229.926247888,820.0
230.194789447,825.0
230.463324012,826.0
230.73185158,820.0
231.000372152,821.0
231.268885725,836.0
231.537392298,841.0
231.80589187,836.0
232.074384439,831.0
232.342870005,833.0
232.611348564,833.0
232.879820118,826.0
233.148284663,807.0
233.416742198,812.0
233.685192723,816.0
233.953636236,834.0
234.222072735,837.0
234.490502219,830.0
234.758924687,825.0
235.027340137,834.0
235.295748568,823.0
235.564149979,818.0
235.832544368,833.0
236.100931735,836.0
236.369312076,828.0
236.637685392,830.0
236.906051681,835.0
237.174410941,827.0
237.442763171,832.0
237.71110837,824.0
237.979446536,819.0
238.247777669,828.0
238.516101766,816.0
238.784418826,827.0
239.052728848,839.0
239.321031831,860.0
239.589327772,836.0
239.857616672,832.0
240.125898528,826.0
240.394173339,828.0
240.662441104,824.0
240.930701822,820.0
241.19895549,832.0
241.467202108,827.0
241.735441674,827.0
242.003674187,825.0
242.271899646,834.0
242.540118049,828.0
242.808329395,822.0
243.076533682,824.0
243.344730909,821.0
243.612921075,839.0
243.881104178,841.0
244.149280218,836.0
244.417449192,830.0
244.685611099,837.0
244.953765938,821.0
245.221913708,837.0
245.490054407,836.0
245.758188033,833.0
246.026314587,818.0
246.294434065,830.0
246.562546467,843.0
246.830651791,831.0
247.098750037,827.0
247.366841202,815.0
247.634925285,820.0
247.903002285,830.0
248.171072201,820.0
248.439135031,847.0
248.707190774,851.0
248.975239428,838.0
249.243280992,842.0
249.511315465,829.0
249.779342845,833.0
250.047363132,827.0
250.315376323,829.0
250.583382417,842.0
250.851381413,837.0
251.11937331,833.0
251.387358106,822.0
251.6553358,816.0
251.92330639,831.0
252.191269875,834.0
252.459226254,829.0
252.727175526,837.0
252.995117688,838.0
253.26305274,838.0
253.53098068,821.0
253.798901508,830.0
254.06681522,838.0
254.334721817,822.0
254.602621297,812.0
254.870513658,834.0
255.1383989,839.0
255.40627702,832.0
255.674148017,824.0
255.942011891,818.0
256.209868639,827.0
256.47771826,836.0
256.745560753,830.0
257.013396117,821.0
257.28122435,830.0
257.549045451,831.0
257.816859418,827.0
258.08466625,836.0
258.352465946,823.0
258.620258505,826.0
258.888043924,833.0
259.155822203,823.0
259.423593341,830.0
259.691357335,837.0
259.959114185,830.0
260.226863889,831.0
260.494606445,823.0
260.762341854,832.0
261.030070112,840.0
261.297791219,839.0
261.565505173,831.0
261.833211974,834.0
262.100911619,840.0
262.368604107,831.0
262.636289437,821.0
262.903967608,818.0
263.171638618,834.0
263.439302466,830.0
263.70695915,820.0
263.97460867,818.0
264.242251023,833.0
264.509886208,841.0
264.777514225,834.0
265.045135071,820.0
265.312748745,833.0
265.580355246,833.0
265.847954573,826.0
266.115546724,824.0
266.383131698,827.0
266.650709493,832.0
266.918280108,829.0
267.185843543,826.0
267.453399794,833.0
267.720948861,831.0
267.988490743,825.0
268.256025439,824.0
268.523552946,814.0
268.791073264,821.0
269.058586391,834.0
269.326092326,829.0
269.593591067,835.0
269.861082613,837.0
270.128566963,831.0
270.396044116,835.0
270.663514069,828.0
270.930976822,847.0
271.198432374,843.0
271.465880722,844.0
271.733321866,846.0
272.000755804,843.0
272.268182535,837.0
272.535602057,842.0
272.803014369,819.0
273.07041947,826.0
273.337817359,827.0
273.605208033,828.0
273.872591492,834.0
274.139967734,820.0
274.407336759,829.0
274.674698564,844.0
274.942053148,825.0
275.209400509,818.0
275.476740648,822.0
275.744073561,827.0
276.011399248,834.0
276.278717707,830.0
276.546028938,826.0
276.813332938,840.0
277.080629706,840.0
277.347919242,826.0
277.615201542,833.0
277.882476607,846.0
278.149744435,843.0
278.417005024,838.0
278.684258374,829.0
278.951504482,841.0
279.218743347,837.0
279.485974969,842.0
279.753199345,845.0
280.020416474,853.0
280.287626355,838.0
280.554828987,823.0
280.822024368,834.0
281.089212497,841.0
281.356393372,830.0
281.623566992,828.0
281.890733356,837.0
282.157892463,842.0
282.42504431,846.0
282.692188897,839.0
282.959326223,825.0
283.226456285,834.0
283.493579083,840.0
283.760694615,846.0
284.027802879,841.0
284.294903876,841.0
284.561997602,848.0
284.829084057,843.0
285.096163239,844.0
285.363235148,826.0
285.630299781,839.0
285.897357137,841.0
286.164407215,846.0
286.431450014,828.0
286.698485532,828.0
286.965513768,840.0
287.23253472,836.0
287.499548387,840.0
287.766554768,828.0
288.033553862,833.0
288.300545666,825.0
288.56753018,831.0
288.834507403,826.0
289.101477332,837.0
289.368439966,833.0
289.635395305,841.0
289.902343347,839.0
290.16928409,834.0
290.436217534,844.0
290.703143676,838.0
290.970062515,833.0
291.23697405,833.0
291.50387828,844.0
291.770775204,850.0
292.037664819,842.0
292.304547125,829.0
292.57142212,841.0
292.838289802,837.0
293.105150172,824.0
293.372003226,841.0
293.638848964,839.0
293.905687384,841.0
294.172518486,828.0
294.439342267,822.0
294.706158726,831.0
294.972967862,825.0
295.239769674,822.0
295.50656416,832.0
295.773351318,837.0
296.040131148,826.0
296.306903649,837.0
296.573668818,836.0
296.840426654,837.0
297.107177156,849.0
297.373920323,845.0
297.640656154,834.0
297.907384646,856.0
298.174105798,846.0
298.44081961,834.0
298.70752608,824.0
298.974225206,831.0
299.240916987,840.0
299.507601422,837.0
299.77427851,841.0
300.040948248,825.0
300.307610636,828.0
300.574265672,831.0
300.840913355,841.0
301.107553684,842.0
301.374186657,829.0
301.640812272,823.0
301.90743053,842.0
302.174041427,836.0
302.440644963,827.0
302.707241136,836.0
302.973829945,837.0
303.240411389,831.0
303.506985466,836.0
303.773552176,833.0
304.040111515,838.0
304.306663484,838.0
304.573208081,835.0
304.839745304,839.0
305.106275152,838.0
305.372797624,841.0
305.639312718,835.0
305.905820433,829.0
306.172320768,828.0
306.438813721,846.0
306.705299291,846.0
306.971777477,832.0
307.238248277,836.0
307.504711689,843.0
307.771167714,840.0
308.037616348,852.0
308.304057591,839.0
308.570491441,838.0
308.836917897,847.0
309.103336958,835.0
309.369748622,833.0
309.636152888,839.0
309.902549755,846.0
310.16893922,839.0
310.435321284,833.0
310.701695944,834.0
310.968063199,837.0
311.234423048,823.0
311.500775489,837.0
311.767120521,834.0
312.033458143,841.0
312.299788353,826.0
312.56611115,833.0
312.832426533,853.0
313.0987345,844.0
313.365035049,849.0
313.63132818,821.0
313.897613891,827.0
314.163892181,839.0
314.430163048,844.0
314.696426491,847.0
314.962682509,852.0
315.2289311,848.0
315.495172263,839.0
315.761405997,847.0
316.027632299,846.0
316.29385117,850.0
316.560062607,832.0
316.826266609,822.0
317.092463175,834.0
317.358652303,832.0
317.624833992,843.0
317.891008241,846.0
318.157175048,843.0
318.423334412,839.0
318.689486331,834.0
318.955630805,834.0
319.221767831,838.0
319.487897409,834.0
319.754019537,841.0
320.020134214,840.0
320.286241438,835.0
320.552341208,831.0
320.818433523,845.0
321.084518381,828.0
321.350595781,830.0
321.616665721,828.0
321.882728201,846.0
322.148783218,843.0
322.414830772,831.0
322.680870861,840.0
322.946903484,825.0
323.212928639,842.0
323.478946325,846.0
323.744956541,849.0
324.010959285,843.0
324.276954555,838.0
324.542942352,838.0
324.808922672,833.0
325.074895516,847.0
325.340860881,843.0
325.606818766,838.0
325.872769169,827.0
326.13871209,828.0
326.404647527,832.0
326.670575479,840.0
326.936495944,852.0
327.202408921,848.0
327.468314408,853.0
327.734212404,838.0
328.000102909,853.0
328.26598592,843.0
328.531861435,841.0
328.797729455,840.0
329.063589977,840.0
329.329443,836.0
329.595288523,841.0
329.861126543,831.0
330.126957061,830.0
330.392780075,845.0
330.658595582,837.0
330.924403582,851.0
331.190204074,859.0
331.455997056,843.0
331.721782526,829.0
331.987560484,822.0
332.253330928,840.0
332.519093857,845.0
332.784849269,839.0
333.050597162,834.0
333.316337537,844.0
333.58207039,833.0
333.847795721,853.0
334.113513529,848.0
334.379223812,831.0
334.644926568,842.0
334.910621797,846.0
335.176309497,850.0
335.441989666,850.0
335.707662304,849.0
335.973327409,837.0
336.238984979,823.0
336.504635013,844.0
336.770277511,840.0
337.035912469,842.0
337.301539888,843.0
337.567159765,850.0
337.8327721,846.0
338.098376891,849.0
338.363974136,831.0
338.629563835,843.0
338.895145986,851.0
339.160720587,843.0
339.426287637,848.0
339.691847135,836.0
339.95739908,840.0
340.22294347,841.0
340.488480303,844.0
340.754009579,847.0
341.019531295,839.0
341.285045452,828.0
341.550552047,842.0
341.816051078,839.0
342.081542545,833.0
342.347026446,833.0
342.61250278,843.0
342.877971546,852.0
343.143432742,839.0
343.408886366,833.0
343.674332418,836.0
343.939770895,840.0
344.205201798,840.0
344.470625123,852.0
344.736040871,832.0
345.001449039,838.0
345.266849626,836.0
345.532242631,849.0
345.797628052,841.0
346.063005889,846.0
346.328376139,846.0
346.593738802,841.0
346.859093876,844.0
347.124441359,845.0
347.38978125,836.0
347.655113549,850.0
347.920438253,855.0
348.185755361,844.0
348.451064872,825.0
348.716366784,853.0
348.981661097,845.0
349.246947808,843.0
349.512226917,846.0
349.777498421,850.0
350.04276232,844.0
350.308018613,844.0
350.573267297,843.0
350.838508372,844.0
351.103741836,844.0
351.368967688,847.0
351.634185926,843.0
351.89939655,833.0
352.164599557,847.0
352.429794946,849.0
352.694982717,829.0
352.960162867,842.0
353.225335395,845.0
353.490500301,844.0
353.755657582,843.0
354.020807237,843.0
354.285949264,843.0
354.551083664,846.0
354.816210433,836.0
355.081329571,846.0
355.346441077,840.0
355.611544948,842.0
355.876641184,852.0
356.141729783,839.0
356.406810745,845.0
356.671884066,863.0
356.936949747,850.0
357.202007786,849.0
357.467058181,844.0
357.732100932,845.0
357.997136036,840.0
358.262163492,842.0
358.527183299,844.0
358.792195456,849.0
359.057199961,841.0
359.322196814,852.0
359.587186011,844.0
359.852167553,849.0
360.117141438,844.0
360.382107664,822.0
360.64706623,842.0
360.912017135,851.0
361.176960377,847.0
361.441895956,849.0
361.706823869,831.0
361.971744115,828.0
362.236656693,820.0
362.501561602,828.0
362.766458839,845.0
363.031348405,834.0
363.296230297,835.0
363.561104514,851.0
363.825971055,838.0
364.090829918,842.0
364.355681102,842.0
364.620524606,855.0
364.885360428,856.0
365.150188567,841.0
365.415009022,840.0
365.679821791,841.0
365.944626872,851.0
366.209424265,842.0
366.474213968,843.0
366.73899598,839.0
367.003770299,842.0
367.268536924,854.0
367.533295854,846.0
367.798047087,844.0
368.062790622,842.0
368.327526458,854.0
368.592254592,845.0
368.856975025,852.0
369.121687753,846.0
369.386392777,851.0
369.651090095,836.0
369.915779705,854.0
370.180461606,851.0
370.445135797,858.0
370.709802276,846.0
370.974461042,848.0
371.239112093,834.0
371.503755429,847.0
371.768391047,853.0
372.033018947,857.0
372.297639127,844.0
372.562251585,845.0
372.826856321,845.0
373.091453333,841.0
373.35604262,837.0
373.62062418,836.0
373.885198012,838.0
374.149764114,834.0
374.414322485,844.0
374.678873125,862.0
374.94341603,836.0
375.207951201,853.0
375.472478636,849.0
375.736998333,853.0
376.001510291,849.0
376.266014508,844.0
376.530510984,853.0
376.794999717,844.0
377.059480705,830.0
377.323953947,846.0
377.588419442,841.0
377.852877189,862.0
378.117327186,848.0
378.381769431,844.0
378.646203924,851.0
378.910630663,853.0
379.175049646,830.0
379.439460873,841.0
379.703864342,843.0
379.968260051,857.0
380.232647999,854.0
380.497028185,849.0
380.761400608,856.0
381.025765265,842.0
381.290122157,850.0
381.55447128,847.0
381.818812635,846.0
382.083146219,849.0
382.347472032,852.0
382.611790072,842.0
382.876100337,843.0
383.140402826,854.0
383.404697538,862.0
383.668984471,844.0
383.933263625,839.0
384.197534997,852.0
384.461798587,849.0
384.726054392,832.0
384.990302413,842.0
385.254542646,846.0
385.518775091,848.0
385.782999747,845.0
386.047216613,845.0
386.311425685,850.0
386.575626965,853.0
386.839820449,856.0
387.104006137,866.0
387.368184028,844.0
387.63235412,841.0
387.896516411,849.0
388.1606709,867.0
388.424817586,856.0
388.688956468,857.0
388.953087544,857.0
389.217210813,846.0
389.481326273,847.0
389.745433924,850.0
390.009533763,848.0
390.273625789,856.0
390.537710002,841.0
390.801786399,845.0
391.065854979,861.0
391.329915741,857.0
391.593968684,844.0
391.858013806,845.0
392.122051106,853.0
392.386080582,854.0
392.650102233,860.0
392.914116058,856.0
393.178122056,846.0
393.442120224,851.0
393.706110562,848.0
393.970093068,841.0
394.234067741,846.0
394.49803458,855.0
394.761993583,859.0
395.025944748,856.0
395.289888075,837.0
395.553823562,845.0
395.817751208,848.0
396.081671012,833.0
396.345582971,842.0
396.609487085,859.0
396.873383352,857.0
397.137271771,859.0
397.40115234,860.0
397.665025059,853.0
397.928889926,844.0
398.192746939,858.0
398.456596097,862.0
398.720437398,834.0
398.984270843,850.0
399.248096428,843.0
399.511914152,861.0
399.775724015,851.0
400.039526015,839.0
400.303320151,850.0
400.56710642,863.0
400.830884823,861.0
401.094655357,854.0
401.358418021,855.0
401.622172813,843.0
401.885919733,846.0
402.149658779,850.0
402.41338995,853.0
402.677113244,862.0
402.94082866,862.0
403.204536196,854.0
403.468235852,845.0
403.731927625,863.0
403.995611515,863.0
404.25928752,868.0
404.522955638,858.0
404.786615869,848.0
405.050268211,861.0
405.313912663,853.0
405.577549222,850.0
405.841177889,862.0
406.104798661,861.0
406.368411538,869.0
406.632016517,858.0
406.895613598,861.0
407.159202778,856.0
407.422784058,861.0
407.686357435,852.0
407.949922907,856.0
408.213480475,862.0
408.477030135,851.0
408.740571888,842.0
409.004105731,866.0
409.267631663,860.0
409.531149684,860.0
409.79465979,860.0
410.058161982,862.0
410.321656257,855.0
410.585142615,858.0
410.848621053,871.0
411.112091572,870.0
411.375554168,851.0
411.639008842,871.0
411.902455591,863.0
412.165894414,874.0
412.42932531,863.0
412.692748277,870.0
412.956163315,878.0
413.219570421,879.0
413.482969595,879.0
413.746360834,884.0
414.009744138,862.0
414.273119506,868.0
414.536486935,877.0
414.799846425,883.0
415.063197974,879.0
415.326541581,889.0
415.589877244,884.0
415.853204963,886.0
416.116524735,882.0
416.379836559,873.0
416.643140435,878.0
416.90643636,879.0
417.169724333,881.0
417.433004353,893.0
417.696276419,896.0
417.959540529,909.0
418.222796682,906.0
418.486044876,911.0
418.74928511,908.0
419.012517383,910.0
419.275741694,915.0
419.53895804,919.0
419.802166421,911.0
420.065366835,926.0
420.328559281,936.0
420.591743758,947.0
420.854920264,941.0
421.118088797,942.0
421.381249357,949.0
421.644401943,945.0
421.907546551,953.0
422.170683183,961.0
422.433811835,970.0
422.696932507,978.0
422.960045197,993.0
423.223149904,1002.0
423.486246626,1008.0
423.749335363,1022.0
424.012416113,1024.0
424.275488874,1027.0
424.538553645,1044.0
424.801610424,1054.0
425.064659211,1042.0
425.327700004,1069.0
425.590732802,1060.0
425.853757603,1078.0
426.116774406,1106.0
426.379783209,1111.0
426.642784012,1128.0
426.905776812,1137.0
427.168761609,1158.0
427.431738401,1159.0
427.694707187,1189.0
427.957667965,1203.0
428.220620734,1220.0
428.483565492,1229.0
428.746502239,1248.0
429.009430973,1286.0
429.272351692,1296.0
429.535264395,1325.0
429.798169082,1312.0
430.061065749,1348.0
430.323954397,1364.0
430.586835024,1399.0
430.849707628,1429.0
431.112572207,1446.0
431.375428762,1502.0
431.638277289,1535.0
431.901117789,1541.0
432.163950259,1575.0
432.426774699,1611.0
432.689591106,1653.0
432.952399479,1705.0
433.215199818,1717.0
433.47799212,1743.0
433.740776385,1812.0
434.003552611,1863.0
434.266320796,1893.0
434.52908094,1939.0
434.79183304,2010.0
435.054577096,2066.0
435.317313106,2120.0
435.580041069,2164.0
435.842760984,2250.0
436.105472848,2305.0
436.368176661,2314.0
436.630872422,2374.0
436.893560128,2449.0
437.15623978,2515.0
437.418911374,2574.0
437.68157491,2651.0
437.944230387,2716.0
438.206877803,2772.0
438.469517157,2845.0
438.732148447,2961.0
438.994771673,3031.0
439.257386832,3117.0
439.519993923,3216.0
439.782592946,3333.0
440.045183898,3394.0
440.307766778,3494.0
440.570341585,3571.0
440.832908318,3659.0
441.095466975,3751.0
441.358017555,3858.0
441.620560056,3982.0
441.883094477,4126.0
442.145620817,4217.0
442.408139074,4348.0
442.670649248,4432.0
442.933151335,4552.0
443.195645337,4689.0
443.45813125,4876.0
443.720609073,5000.0
443.983078806,5184.0
444.245540447,5265.0
444.507993994,5369.0
444.770439446,5526.0
445.032876802,5726.0
445.29530606,5830.0
445.557727219,5937.0
445.820140278,6117.0
446.082545235,6288.0
446.344942089,6449.0
446.607330838,6598.0
446.869711482,6728.0
447.132084018,6940.0
447.394448446,7137.0
447.656804764,7338.0
447.91915297,7551.0
448.181493064,7761.0
448.443825044,7927.0
448.706148909,8124.0
448.968464657,8408.0
449.230772287,8546.0
449.493071797,8818.0
449.755363187,9023.0
450.017646454,9209.0
450.279921598,9410.0
450.542188616,9619.0
450.804447509,9887.0
451.066698274,10096.0
451.32894091,10320.0
451.591175415,10521.0
451.853401789,10817.0
452.115620029,11081.0
452.377830136,11193.0
452.640032106,11467.0
452.902225939,11704.0
453.164411634,11939.0
453.426589188,12118.0
453.688758602,12377.0
453.950919872,12596.0
454.213072999,12748.0
454.47521798,13005.0
454.737354815,13246.0
454.999483501,13422.0
455.261604038,13615.0
455.523716425,13841.0
455.785820659,13955.0
456.047916739,14147.0
456.310004665,14335.0
456.572084434,14427.0
456.834156045,14546.0
457.096219498,14706.0
457.35827479,14803.0
457.62032192,14983.0
457.882360888,15047.0
458.144391691,15119.0
458.406414328,15205.0
458.668428797,15298.0
458.930435099,15361.0
459.19243323,15355.0
459.45442319,15348.0
459.716404978,15398.0
459.978378591,15486.0
460.240344029,15486.0
460.50230129,15470.0
460.764250373,15484.0
461.026191277,15452.0
461.288124,15449.0
461.550048541,15445.0
461.811964898,15461.0
462.07387307,15442.0
462.335773056,15369.0
462.597664854,15349.0
462.859548463,15327.0
463.121423882,15286.0
463.383291109,15254.0
463.645150143,15157.0
463.907000983,15131.0
464.168843627,15076.0
464.430678073,14985.0
464.692504321,14880.0
464.954322369,14779.0
465.216132216,14695.0
465.47793386,14615.0
465.7397273,14481.0
466.001512535,14347.0
466.263289563,14195.0
466.525058383,14139.0
466.786818993,14026.0
467.048571393,13935.0
467.31031558,13831.0
467.572051554,13606.0
467.833779313,13456.0
468.095498855,13365.0
468.35721018,13179.0
468.618913286,13039.0
468.880608172,12852.0
469.142294835,12831.0
469.403973276,12646.0
469.665643492,12596.0
469.927305483,12489.0
470.188959246,12335.0
470.45060478,12188.0
470.712242085,12053.0
470.973871159,11948.0
471.235491999,11824.0
471.497104606,11724.0
471.758708978,11591.0
472.020305112,11527.0
472.281893009,11481.0
472.543472666,11294.0
472.805044082,11157.0
473.066607256,11081.0
473.328162186,11017.0
473.589708872,10907.0
473.851247311,10748.0
474.112777503,10716.0
474.374299446,10630.0
474.635813138,10505.0
474.897318578,10460.0
475.158815766,10377.0
475.420304698,10207.0
475.681785376,10115.0
475.943257795,10001.0
476.204721957,9951.0
476.466177858,9852.0
476.727625498,9763.0
476.989064876,9636.0
477.250495989,9528.0
477.511918837,9433.0
477.773333418,9382.0
478.034739732,9289.0
478.296137775,9172.0
478.557527548,9068.0
478.818909049,8963.0
479.080282276,8898.0
479.341647228,8802.0
479.603003904,8707.0
479.864352302,8553.0
480.125692422,8461.0
480.387024261,8370.0
480.648347818,8261.0
480.909663092,8195.0
481.170970081,8056.0
481.432268785,7945.0
481.693559201,7866.0
481.954841329,7735.0
482.216115167,7630.0
482.477380714,7528.0
482.738637968,7440.0
482.999886928,7321.0
483.261127593,7184.0
483.522359961,7065.0
483.783584031,6977.0
484.044799801,6839.0
484.306007271,6781.0
484.567206438,6679.0
484.828397302,6578.0
485.089579861,6467.0
485.350754113,6416.0
485.611920058,6287.0
485.873077694,6192.0
486.13422702,6064.0
486.395368034,5980.0
486.656500734,5866.0
486.91762512,5783.0
487.178741191,5712.0
487.439848944,5631.0
487.700948379,5549.0
487.962039493,5427.0
488.223122287,5351.0
488.484196757,5227.0
488.745262904,5151.0
489.006320726,5106.0
489.26737022,5008.0
489.528411387,4934.0
489.789444224,4874.0
490.05046873,4748.0
490.311484904,4694.0
490.572492744,4659.0
490.83349225,4566.0
491.094483419,4504.0
491.355466251,4414.0
491.616440743,4348.0
491.877406895,4298.0
492.138364706,4219.0
492.399314173,4159.0
492.660255296,4107.0
492.921188073,4030.0
493.182112503,3949.0
493.443028584,3910.0
493.703936315,3839.0
493.964835695,3780.0
494.225726723,3730.0
494.486609396,3686.0
494.747483714,3640.0
495.008349675,3549.0
495.269207278,3472.0
495.530056522,3460.0
495.790897405,3378.0
496.051729926,3342.0
496.312554083,3262.0
496.573369875,3221.0
496.834177301,3196.0
497.094976359,3103.0
497.355767048,3104.0
497.616549367,3057.0
497.877323314,3007.0
498.138088888,2988.0
498.398846087,2912.0
498.659594911,2869.0
498.920335357,2853.0
499.181067425,2801.0
499.441791113,2750.0
499.70250642,2707.0
499.963213344,2635.0
500.223911884,2599.0
500.484602038,2576.0
500.745283806,2528.0
501.005957186,2515.0
501.266622176,2463.0
501.527278776,2412.0
501.787926983,2389.0
502.048566797,2356.0
502.309198216,2318.0
502.569821238,2300.0
502.830435863,2248.0
503.091042089,2197.0
503.351639914,2176.0
503.612229338,2162.0
503.872810358,2134.0
504.133382974,2101.0
504.393947185,2090.0
504.654502988,2071.0
504.915050382,2035.0
505.175589367,1992.0
505.43611994,1971.0
505.696642101,1964.0
505.957155847,1949.0
506.217661179,1906.0
506.478158093,1904.0
506.73864659,1885.0
506.999126666,1842.0
507.259598323,1814.0
507.520061556,1801.0
507.780516367,1799.0
508.040962752,1773.0
508.301400711,1736.0
508.561830243,1732.0
508.822251345,1709.0
509.082664017,1676.0
509.343068257,1640.0
509.603464065,1638.0
509.863851437,1641.0
510.124230374,1619.0
510.384600874,1607.0
510.644962935,1600.0
510.905316556,1558.0
511.165661736,1559.0
511.425998473,1573.0
511.686326766,1540.0
511.946646614,1515.0
512.206958015,1514.0
512.467260968,1496.0
512.727555472,1478.0
512.987841525,1458.0
513.248119125,1471.0
513.508388272,1453.0
513.768648964,1437.0
514.0289012,1412.0
514.289144978,1407.0
514.549380297,1425.0
514.809607155,1408.0
515.069825552,1368.0
515.330035486,1376.0
515.590236955,1360.0
515.850429959,1341.0
516.110614495,1343.0
516.370790563,1331.0
516.630958161,1307.0
516.891117287,1308.0
517.151267941,1303.0
517.411410121,1289.0
517.671543825,1258.0
517.931669053,1253.0
518.191785803,1254.0
518.451894073,1234.0
518.711993862,1229.0
518.972085169,1239.0
519.232167993,1246.0
519.492242331,1241.0
519.752308183,1248.0
520.012365548,1215.0
520.272414424,1219.0
520.532454809,1195.0
520.792486702,1191.0
521.052510103,1186.0
521.312525009,1185.0
521.572531419,1174.0
521.832529332,1175.0
522.092518746,1177.0
522.35249966,1162.0
522.612472073,1158.0
522.872435984,1138.0
523.13239139,1144.0
523.392338291,1145.0
523.652276686,1144.0
523.912206572,1131.0
524.172127948,1106.0
524.432040814,1122.0
524.691945168,1129.0
524.951841008,1129.0
525.211728333,1112.0
525.471607142,1103.0
525.731477433,1101.0
525.991339206,1078.0
526.251192457,1097.0
526.511037187,1095.0
526.770873394,1084.0
527.030701077,1066.0
527.290520234,1074.0
527.550330863,1075.0
527.810132964,1076.0
528.069926535,1058.0
528.329711575,1050.0
528.589488082,1049.0
528.849256055,1054.0
529.109015492,1046.0
529.368766393,1056.0
529.628508756,1062.0
529.888242579,1065.0
530.147967862,1045.0
530.407684602,1019.0
530.667392798,1025.0
530.92709245,1018.0
531.186783556,1006.0
531.446466114,1018.0
531.706140122,1021.0
531.965805581,1021.0
532.225462487,1021.0
532.485110841,1017.0
532.74475064,1011.0
533.004381883,1002.0
533.264004569,1003.0
533.523618697,1011.0
533.783224264,1003.0
534.04282127,991.0
534.302409714,993.0
534.561989594,1004.0
534.821560908,1009.0
535.081123655,993.0
535.340677835,986.0
535.600223444,992.0
535.859760483,981.0
536.11928895,980.0
536.378808843,997.0
536.638320162,990.0
536.897822904,991.0
537.157317068,985.0
537.416802654,987.0
537.676279659,986.0
537.935748082,986.0
538.195207922,977.0
538.454659177,974.0
538.714101847,983.0
538.97353593,981.0
539.232961424,976.0
539.492378328,984.0
539.751786641,984.0
540.011186361,1000.0
540.270577487,995.0
540.529960018,982.0
540.789333952,999.0
541.048699288,1008.0
541.308056024,1010.0
541.56740416,996.0
541.826743693,1004.0
542.086074623,992.0
542.345396948,1001.0
542.604710666,1013.0
542.864015777,1006.0
543.123312279,997.0
543.382600171,992.0
543.64187945,1009.0
543.901150117,1010.0
544.160412169,1003.0
544.419665606,991.0
544.678910425,1000.0
544.938146625,976.0
545.197374206,998.0
545.456593165,1014.0
545.715803502,1021.0
545.975005215,1021.0
546.234198302,1002.0
546.493382763,1018.0
546.752558595,1009.0
547.011725798,995.0
547.27088437,990.0
547.53003431,1008.0
547.789175616,1001.0
548.048308288,988.0
548.307432323,987.0
548.566547721,972.0
548.825654479,966.0
549.084752597,961.0
549.343842073,950.0
549.602922907,940.0
549.861995095,948.0
550.121058638,955.0
550.380113534,949.0
550.639159781,956.0
550.898197378,943.0
551.157226324,937.0
551.416246617,933.0
551.675258257,925.0
551.93426124,919.0
552.193255568,941.0
552.452241236,924.0
552.711218246,917.0
552.970186595,924.0
553.229146281,924.0
553.488097304,922.0
553.747039662,911.0
554.005973354,903.0
554.264898378,908.0
554.523814733,914.0
554.782722417,924.0
555.04162143,919.0
555.30051177,892.0
555.559393435,897.0
555.818266425,902.0
556.077130737,919.0
556.33598637,911.0
556.594833324,906.0
556.853671597,902.0
557.112501186,910.0
557.371322092,905.0
557.630134313,897.0
557.888937846,906.0
558.147732692,905.0
558.406518848,885.0
558.665296313,895.0
558.924065086,887.0
559.182825165,888.0
559.44157655,886.0
559.700319238,877.0
559.959053229,888.0
560.21777852,885.0
560.476495111,886.0
560.735203001,877.0
560.993902187,873.0
561.252592669,877.0
561.511274445,887.0
561.769947513,887.0
562.028611874,888.0
562.287267524,881.0
562.545914463,889.0
562.804552689,878.0
563.063182201,871.0
563.321802998,881.0
563.580415078,884.0
563.839018441,877.0
564.097613083,883.0
564.356199005,883.0
564.614776204,886.0
564.87334468,875.0
565.131904431,900.0
565.390455456,887.0
565.648997753,876.0
565.907531321,875.0
566.166056159,876.0
566.424572265,880.0
566.683079637,867.0
566.941578276,871.0
567.200068178,869.0
567.458549344,865.0
567.71702177,873.0
567.975485457,878.0
568.233940402,873.0
568.492386605,880.0
568.750824064,875.0
569.009252778,874.0
569.267672744,858.0
569.526083963,866.0
569.784486432,876.0
570.04288015,872.0
570.301265116,868.0
570.559641329,879.0
570.818008786,885.0
571.076367487,866.0
571.334717431,869.0
571.593058615,865.0
571.85139104,877.0
572.109714702,866.0
572.368029601,875.0
572.626335736,864.0
572.884633105,870.0
573.142921707,867.0
573.40120154,858.0
573.659472603,854.0
573.917734895,861.0
574.175988415,860.0
574.43423316,859.0
574.69246913,862.0
574.950696323,861.0
575.208914738,858.0
575.467124374,855.0
575.725325228,854.0
575.983517301,872.0
576.24170059,860.0
576.499875094,865.0
576.758040812,866.0
577.016197742,871.0
577.274345883,881.0
577.532485233,882.0
577.790615792,873.0
578.048737558,880.0
578.306850529,883.0
578.564954705,880.0
578.823050083,858.0
579.081136663,878.0
579.339214443,883.0
579.597283421,874.0
579.855343597,875.0
580.113394969,874.0
580.371437535,865.0
580.629471295,859.0
580.887496246,866.0
581.145512389,868.0
581.40351972,876.0
581.661518239,866.0
581.919507944,870.0
582.177488835,881.0
582.435460909,886.0
582.693424166,874.0
582.951378603,876.0
583.20932422,879.0
583.467261016,874.0
583.725188988,878.0
583.983108136,878.0
584.241018458,871.0
584.498919952,872.0
584.756812619,866.0
585.014696455,878.0
585.27257146,857.0
585.530437632,870.0
585.788294971,863.0
586.046143473,874.0
586.30398314,894.0
586.561813968,894.0
586.819635956,875.0
587.077449104,879.0
587.335253409,881.0
587.593048871,874.0
587.850835488,878.0
588.108613259,872.0
588.366382182,874.0
588.624142256,883.0
588.88189348,885.0
589.139635852,889.0
589.39736937,893.0
589.655094035,872.0
589.912809843,875.0
590.170516794,868.0
590.428214887,862.0
590.68590412,862.0
590.943584491,862.0
591.201256,852.0
591.458918645,871.0
591.716572424,858.0
591.974217337,877.0
592.231853381,873.0
592.489480556,869.0
592.74709886,873.0
593.004708292,872.0
593.262308851,860.0
593.519900534,872.0
593.777483342,863.0
594.035057271,869.0
594.292622322,871.0
594.550178492,863.0
594.80772578,861.0
595.065264185,866.0
595.322793706,863.0
595.580314341,866.0
595.837826089,857.0
596.095328948,858.0
596.352822917,873.0
596.610307995,846.0
596.86778418,851.0
597.125251471,853.0
597.382709867,861.0
597.640159366,850.0
597.897599967,847.0
598.155031669,859.0
598.412454469,866.0
598.669868368,863.0
598.927273363,866.0
599.184669453,857.0
599.442056636,855.0
599.699434912,858.0
599.956804279,852.0
600.214164736,864.0
600.471516281,855.0
600.728858912,866.0
600.98619263,864.0
601.243517431,859.0
601.500833315,852.0
601.758140281,858.0
602.015438326,854.0
602.272727451,844.0
602.530007652,842.0
602.78727893,848.0
603.044541282,842.0
603.301794708,843.0
603.559039205,839.0
603.816274773,857.0
604.07350141,848.0
604.330719115,852.0
604.587927887,837.0
604.845127723,842.0
605.102318623,836.0
605.359500586,848.0
605.616673609,844.0
605.873837692,838.0
606.130992833,858.0
606.388139032,857.0
606.645276285,849.0
606.902404593,845.0
607.159523954,852.0
607.416634366,852.0
607.673735828,855.0
607.930828339,845.0
608.187911897,859.0
608.444986501,856.0
608.70205215,840.0
608.959108842,852.0
609.216156576,859.0
609.47319535,880.0
609.730225163,876.0
609.987246015,896.0
610.244257903,907.0
610.501260825,918.0
610.758254782,915.0
611.015239771,917.0
611.272215791,922.0
611.52918284,937.0
611.786140918,946.0
612.043090022,955.0
612.300030153,948.0
612.556961307,934.0
612.813883484,944.0
613.070796682,954.0
613.327700901,937.0
613.584596138,915.0
613.841482393,925.0
614.098359663,916.0
614.355227949,907.0
614.612087247,905.0
614.868937557,889.0
615.125778878,888.0
615.382611208,885.0
615.639434546,877.0
615.89624889,889.0
616.153054239,876.0
616.409850592,862.0
616.666637948,869.0
616.923416304,870.0
617.18018566,865.0
617.436946014,862.0
617.693697365,859.0
617.950439712,856.0
618.207173052,843.0
618.463897386,848.0
618.720612711,857.0
618.977319026,849.0
619.234016329,866.0
619.49070462,860.0
619.747383897,848.0
620.004054159,853.0
620.260715404,857.0
620.517367631,858.0
620.774010838,855.0
621.030645024,856.0
621.287270189,856.0
621.543886329,850.0
621.800493445,849.0
622.057091534,851.0
622.313680596,852.0
622.570260629,847.0
622.826831631,848.0
623.083393602,852.0
623.339946539,857.0
623.596490442,864.0
623.853025309,847.0
624.109551139,851.0
624.36606793,866.0
624.622575682,846.0
624.879074392,856.0
625.135564059,858.0
625.392044683,851.0
625.648516261,856.0
625.904978792,862.0
626.161432275,848.0
626.417876709,852.0
626.674312092,861.0
626.930738422,860.0
627.187155699,846.0
627.443563922,851.0
627.699963087,858.0
627.956353196,852.0
628.212734245,862.0
628.469106233,855.0
628.72546916,851.0
628.981823024,860.0
629.238167824,854.0
629.494503557,849.0
629.750830223,854.0
630.007147821,859.0
630.263456349,852.0
630.519755806,855.0
630.776046189,864.0
631.032327499,861.0
631.288599734,853.0
631.544862891,845.0
631.801116971,844.0
632.057361971,862.0
632.31359789,858.0
632.569824727,846.0
632.826042481,841.0
633.082251149,847.0
633.338450732,868.0
633.594641226,860.0
633.850822632,851.0
634.106994947,846.0
634.36315817,843.0
634.6193123,847.0
634.875457336,850.0
635.131593276,858.0
635.387720119,837.0
635.643837863,829.0
635.899946507,846.0
636.15604605,837.0
636.41213649,835.0
636.668217827,849.0
636.924290058,842.0
637.180353182,846.0
637.436407198,834.0
637.692452104,845.0
637.9484879,840.0
638.204514583,840.0
638.460532153,847.0
638.716540608,850.0
638.972539947,853.0
639.228530167,849.0
639.484511269,829.0
639.740483251,833.0
639.996446111,832.0
640.252399847,838.0
640.50834446,830.0
640.764279946,836.0
641.020206305,839.0
641.276123536,842.0
641.532031636,845.0
641.787930605,848.0
642.043820442,846.0
642.299701145,840.0
642.555572712,852.0
642.811435142,844.0
643.067288435,840.0
643.323132588,842.0
643.5789676,844.0
643.83479347,833.0
644.090610196,836.0
644.346417777,851.0
644.602216212,846.0
644.858005499,846.0
645.113785638,844.0
645.369556626,847.0
645.625318462,837.0
645.881071145,835.0
646.136814673,841.0
646.392549046,847.0
646.648274262,846.0
646.903990319,835.0
647.159697216,832.0
647.415394951,847.0
647.671083524,844.0
647.926762933,832.0
648.182433177,850.0
648.438094254,842.0
648.693746163,849.0
648.949388902,848.0
649.20502247,843.0
649.460646866,841.0
649.716262089,844.0
649.971868137,846.0
650.227465008,854.0
650.483052702,857.0
650.738631217,845.0
650.994200551,843.0
651.249760703,851.0
651.505311673,845.0
651.760853458,851.0
652.016386057,856.0
652.271909469,840.0
652.527423692,847.0
652.782928725,854.0
653.038424567,844.0
653.293911217,853.0
653.549388672,840.0
653.804856932,841.0
654.060315995,843.0
654.315765861,838.0
654.571206526,842.0
654.826637991,839.0
655.082060254,836.0
655.337473312,839.0
655.592877167,834.0
655.848271814,819.0
656.103657254,838.0
656.359033485,844.0
656.614400506,838.0
656.869758315,847.0
657.125106911,832.0
657.380446292,829.0
657.635776458,847.0
657.891097406,850.0
658.146409135,841.0
658.401711645,833.0
658.657004934,825.0
658.912288999,835.0
659.167563841,841.0
659.422829458,838.0
659.678085847,832.0
659.933333009,829.0
660.188570941,836.0
660.443799642,837.0
660.699019111,832.0
660.954229346,839.0
661.209430346,850.0
661.46462211,830.0
661.719804637,845.0
661.974977924,850.0
662.230141971,848.0
662.485296777,853.0
662.740442339,836.0
662.995578656,836.0
663.250705728,835.0
663.505823553,844.0
663.760932129,844.0
664.016031455,835.0
664.27112153,836.0
664.526202352,844.0
664.78127392,846.0
665.036336233,838.0
665.291389289,850.0
665.546433086,844.0
665.801467625,848.0
666.056492902,848.0
666.311508918,818.0
666.566515669,818.0
666.821513156,822.0
667.076501376,832.0
667.331480329,823.0
667.586450013,834.0
667.841410426,840.0
668.096361568,834.0
668.351303436,837.0
668.606236031,829.0
668.861159349,836.0
669.11607339,843.0
669.370978152,837.0
669.625873634,844.0
669.880759836,830.0
670.135636754,834.0
670.390504388,836.0
670.645362737,844.0
670.9002118,832.0
671.155051574,830.0
671.409882059,841.0
671.664703252,848.0
671.919515154,831.0
672.174317762,830.0
672.429111075,834.0
672.683895092,832.0
672.938669811,829.0
673.193435231,834.0
673.448191351,841.0
673.702938169,832.0
673.957675684,830.0
674.212403894,836.0
674.467122799,835.0
674.721832396,822.0
674.976532685,839.0
675.231223663,843.0
675.485905331,833.0
675.740577686,849.0
675.995240726,846.0
676.249894452,839.0
676.50453886,837.0
676.759173951,822.0
677.013799722,835.0
677.268416172,835.0
677.5230233,844.0
677.777621104,828.0
678.032209584,844.0
678.286788737,842.0
678.541358562,848.0
678.795919059,846.0
679.050470225,841.0
679.305012059,838.0
679.55954456,831.0
679.814067727,836.0
680.068581558,848.0
680.323086051,846.0
680.577581206,844.0
680.832067022,849.0
681.086543495,842.0
681.341010626,845.0
681.595468414,827.0
681.849916855,829.0
682.10435595,823.0
682.358785697,819.0
682.613206094,829.0
682.867617141,831.0
683.122018835,839.0
683.376411176,828.0
683.630794161,841.0
683.885167791,842.0
684.139532063,842.0
684.393886975,842.0
684.648232528,841.0
684.902568718,839.0
685.156895546,834.0
685.411213009,833.0
685.665521106,846.0
685.919819836,838.0
686.174109197,843.0
686.428389189,827.0
686.682659809,834.0
686.936921056,834.0
687.19117293,835.0
687.445415428,842.0
687.699648549,833.0
687.953872292,825.0
688.208086656,839.0
688.462291639,844.0
688.716487239,841.0
688.970673456,835.0
689.224850288,836.0
689.479017734,844.0
689.733175792,840.0
689.987324461,832.0
690.24146374,826.0
690.495593627,835.0
690.74971412,853.0
691.00382522,844.0
691.257926923,839.0
691.512019229,825.0
691.766102137,824.0
692.020175645,837.0
692.274239751,845.0
692.528294455,841.0
692.782339755,837.0
693.036375649,831.0
693.290402137,838.0
693.544419216,837.0
693.798426886,820.0
694.052425145,841.0
694.306413992,846.0
694.560393425,841.0
694.814363444,836.0
695.068324046,844.0
695.32227523,828.0
695.576216995,837.0
695.83014934,842.0
696.084072264,848.0
696.337985764,843.0
696.591889839,834.0
696.845784489,835.0
697.099669712,842.0
697.353545506,844.0
697.60741187,840.0
697.861268802,837.0
698.115116302,826.0
698.368954368,828.0
698.622782999,832.0
698.876602193,837.0
699.130411948,834.0
699.384212265,849.0
699.63800314,838.0
699.891784573,843.0
700.145556563,842.0
700.399319108,847.0
700.653072206,838.0
700.906815857,839.0
701.160550058,828.0
701.41427481,830.0
701.667990109,830.0
701.921695955,824.0
702.175392347,828.0
702.429079283,841.0
702.682756762,824.0
702.936424782,829.0
703.190083343,833.0
703.443732442,836.0
703.697372078,832.0
703.95100225,838.0
704.204622957,841.0
704.458234197,837.0
704.711835969,830.0
704.965428272,841.0
705.219011104,849.0
705.472584463,842.0
705.726148349,826.0
705.97970276,817.0
706.233247694,814.0
706.486783151,828.0
706.740309129,837.0
706.993825627,836.0
707.247332643,829.0
707.500830175,842.0
707.754318224,846.0
708.007796786,841.0
708.261265861,845.0
708.514725447,838.0
708.768175544,847.0
709.021616149,838.0
709.275047262,842.0
709.528468881,845.0
709.781881004,850.0
710.03528363,855.0
710.288676758,841.0
710.542060387,846.0
710.795434515,843.0
711.048799141,825.0
711.302154263,840.0
711.55549988,831.0
711.808835991,843.0
712.062162594,835.0
712.315479689,849.0
712.568787272,847.0
712.822085344,832.0
713.075373903,838.0
713.328652948,855.0
713.581922476,840.0
713.835182488,841.0
714.088432981,836.0
714.341673953,848.0
714.594905405,848.0
714.848127334,840.0
715.101339739,847.0
715.354542618,836.0
715.607735971,834.0
715.860919795,826.0
716.11409409,833.0
716.367258855,841.0
716.620414087,841.0
716.873559785,824.0
717.126695949,842.0
717.379822576,835.0
717.632939665,838.0
717.886047216,828.0
718.139145226,826.0
718.392233694,832.0
718.645312619,838.0
718.898382,833.0
719.151441835,838.0
719.404492122,836.0
719.657532862,832.0
719.910564051,834.0
720.163585688,825.0
720.416597774,835.0
720.669600305,832.0
720.92259328,819.0
721.175576699,821.0
721.42855056,835.0
721.681514861,828.0
721.934469602,835.0
722.18741478,832.0
722.440350395,836.0
722.693276445,840.0
722.946192928,838.0
723.199099844,834.0
723.451997191,829.0
723.704884967,838.0
723.957763171,844.0
724.210631803,840.0
724.46349086,847.0
724.716340341,842.0
724.969180245,837.0
725.22201057,833.0
725.474831315,827.0
725.727642479,832.0
725.980444061,842.0
726.233236058,840.0
726.48601847,840.0
726.738791295,843.0
726.991554532,838.0
727.24430818,834.0
727.497052237,823.0
727.749786701,830.0
728.002511572,830.0
728.255226848,826.0
728.507932528,837.0
728.76062861,833.0
729.013315093,831.0
729.265991975,826.0
729.518659256,827.0
729.771316934,821.0
730.023965007,832.0
730.276603474,836.0
730.529232334,835.0
730.781851586,825.0
731.034461228,834.0
731.287061258,826.0
731.539651676,827.0
731.792232479,822.0
732.044803667,825.0
732.297365239,841.0
732.549917192,842.0
732.802459526,837.0
733.054992239,836.0
733.30751533,848.0
733.560028797,841.0
733.812532639,832.0
734.065026855,828.0
734.317511443,824.0
734.569986402,835.0
734.822451731,832.0
735.074907428,832.0
735.327353492,840.0
735.579789921,844.0
735.832216715,826.0
736.084633871,815.0
736.337041389,828.0
736.589439267,840.0
736.841827503,844.0
737.094206097,830.0
737.346575047,834.0
737.598934352,836.0
737.851284009,842.0
738.103624019,824.0
738.355954379,820.0
738.608275088,836.0
738.860586145,826.0
739.112887548,829.0
739.365179297,838.0
739.617461389,820.0
739.869733823,828.0
740.121996599,820.0
740.374249714,832.0
740.626493167,820.0
740.878726957,825.0
741.130951083,833.0
741.383165543,842.0
741.635370335,826.0
741.887565459,829.0
742.139750913,837.0
742.391926696,830.0
742.644092806,840.0
742.896249242,837.0
743.148396003,835.0
743.400533087,828.0
743.652660492,848.0
743.904778219,830.0
744.156886264,833.0
744.408984627,833.0
744.661073307,836.0
744.913152301,849.0
745.16522161,818.0
745.41728123,828.0
745.669331162,827.0
745.921371403,836.0
746.173401953,832.0
746.425422809,824.0
746.677433971,834.0
746.929435437,841.0
747.181427206,827.0
747.433409276,825.0
747.685381646,824.0
747.937344315,826.0
748.189297282,826.0
748.441240544,836.0
748.693174101,838.0
748.945097951,846.0
749.197012093,836.0
749.448916525,830.0
749.700811247,822.0
749.952696256,832.0
750.204571552,841.0
750.456437133,834.0
750.708292997,837.0
750.960139144,833.0
751.211975572,833.0
751.46380228,824.0
751.715619265,823.0
751.967426528,826.0
752.219224066,814.0
752.471011878,825.0
752.722789963,826.0
752.974558319,833.0
753.226316946,840.0
753.478065841,820.0
753.729805004,824.0
753.981534432,829.0
754.233254125,830.0
754.484964081,829.0
754.736664299,820.0
754.988354778,831.0
755.240035516,824.0
755.491706512,836.0
755.743367764,840.0
755.995019271,827.0
756.246661031,826.0
756.498293044,832.0
756.749915309,825.0
757.001527822,830.0
757.253130584,833.0
757.504723593,825.0
757.756306847,823.0
758.007880345,838.0
758.259444087,834.0
758.510998069,836.0
758.762542292,830.0
759.014076753,849.0
759.265601452,828.0
759.517116387,836.0
759.768621556,833.0
760.020116958,834.0
760.271602593,826.0
760.523078457,832.0
760.774544551,832.0
761.026000873,819.0
761.277447421,815.0
761.528884195,818.0
761.780311192,829.0
762.031728411,832.0
762.283135851,826.0
762.534533511,839.0
762.785921389,828.0
763.037299484,833.0
763.288667794,835.0
763.540026319,835.0
763.791375056,825.0
764.042714005,829.0
764.294043164,827.0
764.545362531,824.0
764.796672106,830.0
765.047971887,832.0
765.299261873,836.0
765.550542061,830.0
765.801812452,822.0
766.053073043,828.0
766.304323833,823.0
766.555564821,830.0
766.806796005,840.0
767.058017385,828.0
767.309228958,830.0
767.560430723,832.0
767.81162268,841.0
768.062804826,836.0
768.31397716,832.0
768.565139681,835.0
768.816292388,824.0
769.067435278,833.0
769.318568352,819.0
769.569691607,827.0
769.820805042,815.0
770.071908656,824.0
770.323002447,819.0
770.574086414,817.0
770.825160555,817.0
771.07622487,835.0
771.327279357,833.0
771.578324014,838.0
771.82935884,819.0
772.080383834,821.0
772.331398995,819.0
772.582404321,822.0
772.83339981,833.0
773.084385462,828.0
773.335361274,833.0
773.586327246,823.0
773.837283377,830.0
774.088229664,827.0
774.339166107,837.0
774.590092704,832.0
774.841009453,821.0
775.091916355,834.0
775.342813406,835.0
775.593700606,824.0
775.844577953,820.0
776.095445446,829.0
776.346303084,813.0
776.597150865,832.0
776.847988788,836.0
777.098816851,839.0
777.349635053,838.0
777.600443394,833.0
777.85124187,836.0
778.102030482,816.0
778.352809228,816.0
778.603578105,823.0
778.854337114,819.0
779.105086252,838.0
779.355825519,834.0
779.606554912,839.0
779.857274431,830.0
780.107984074,828.0
780.35868384,817.0
780.609373728,829.0
780.860053735,832.0
781.110723861,820.0
781.361384104,816.0
781.612034464,819.0
781.862674938,836.0
782.113305525,836.0
782.363926224,822.0
782.614537033,817.0
782.865137952,825.0
783.115728978,817.0
783.366310111,815.0
783.616881349,817.0
783.867442691,828.0
784.117994135,826.0
784.368535679,818.0
784.619067324,833.0
784.869589067,836.0
785.120100906,838.0
785.370602841,827.0
785.621094871,832.0
785.871576993,831.0
786.122049206,824.0
786.372511509,824.0
786.622963902,817.0
786.873406381,813.0
787.123838947,825.0
787.374261597,816.0
787.62467433,827.0
787.875077145,822.0
788.125470041,830.0
788.375853015,817.0
788.626226068,819.0
788.876589197,831.0
789.126942401,830.0
789.377285679,821.0
789.627619029,815.0
789.87794245,822.0
790.128255941,806.0
790.378559499,813.0
790.628853125,818.0
790.879136816,816.0
791.129410572,823.0
791.37967439,825.0
791.629928269,827.0
791.880172209,825.0
792.130406207,832.0
792.380630263,829.0
792.630844375,832.0
792.881048541,828.0
793.13124276,831.0
793.381427031,818.0
793.631601353,829.0
793.881765724,823.0
794.131920143,827.0
794.382064608,820.0
794.632199118,825.0
794.882323672,822.0
795.132438268,822.0
795.382542905,826.0
795.632637582,826.0
795.882722297,823.0
796.132797049,824.0
796.382861836,824.0
796.632916658,820.0
796.882961512,823.0
797.132996398,817.0
797.383021314,812.0
797.633036258,816.0
797.88304123,822.0
798.133036227,819.0
798.38302125,822.0
798.632996295,828.0
798.882961363,829.0
799.132916451,827.0
799.382861558,824.0
799.632796682,827.0
799.882721824,820.0
800.13263698,804.0
800.38254215,822.0
800.632437332,833.0
800.882322526,842.0
801.132197728,823.0
801.38206294,822.0
801.631918158,821.0
801.881763381,826.0
802.131598609,834.0
802.381423839,823.0
802.631239071,831.0
802.881044303,816.0
803.130839533,825.0
803.380624761,812.0
803.630399985,816.0
803.880165203,820.0
804.129920415,816.0
804.379665618,824.0
804.629400813,818.0
804.879125996,820.0
805.128841167,827.0
805.378546324,832.0
805.628241466,821.0
805.877926593,831.0
806.127601701,826.0
806.37726679,821.0
806.626921859,820.0
806.876566906,822.0
807.126201931,830.0
807.37582693,835.0
807.625441904,820.0
807.87504685,832.0
808.124641768,824.0
808.374226656,827.0
808.623801513,824.0
808.873366337,820.0
809.122921127,819.0
809.372465881,820.0
809.622000599,820.0
809.871525279,825.0
810.121039919,836.0
810.370544518,814.0
810.620039075,833.0
810.869523589,843.0
811.118998057,837.0
811.368462479,834.0
811.617916854,817.0
811.867361179,815.0
812.116795454,817.0
812.366219678,824.0
812.615633848,829.0
812.865037964,823.0
813.114432023,819.0
813.363816026,829.0
813.61318997,831.0
813.862553854,820.0
814.111907677,814.0
814.361251437,822.0
814.610585133,822.0
814.859908764,815.0
815.109222327,828.0
815.358525823,823.0
815.607819249,824.0
815.857102605,809.0
816.106375888,827.0
816.355639097,817.0
816.604892232,818.0
816.85413529,809.0
817.103368271,805.0
817.352591173,819.0
817.601803994,825.0
817.851006733,827.0
818.100199389,820.0
818.349381961,825.0
818.598554447,821.0
818.847716846,822.0
819.096869156,834.0
819.346011376,826.0
819.595143505,823.0
819.844265541,814.0
820.093377483,825.0
820.34247933,813.0
820.59157108,820.0
820.840652732,825.0
821.089724284,828.0
821.338785735,808.0
821.587837085,824.0
821.83687833,821.0
822.085909471,830.0
822.334930505,830.0
822.583941432,821.0
822.83294225,825.0
823.081932957,826.0
823.330913552,817.0
823.579884035,821.0
823.828844403,827.0
824.077794655,825.0
824.326734789,827.0
824.575664805,817.0
824.824584702,833.0
825.073494477,829.0
825.322394129,840.0
825.571283657,829.0
825.82016306,815.0
826.069032336,835.0
826.317891484,829.0
826.566740502,817.0
826.81557939,836.0
827.064408145,834.0
827.313226767,822.0
827.562035253,817.0
827.810833604,820.0
828.059621817,831.0
828.30839989,825.0
828.557167824,822.0
828.805925615,838.0
829.054673264,820.0
829.303410768,829.0
829.552138126,829.0
829.800855337,841.0
830.049562399,834.0
830.298259311,820.0
830.546946072,827.0
830.79562268,836.0
831.044289135,832.0
831.292945433,830.0
831.541591576,829.0
831.790227559,810.0
832.038853384,831.0
832.287469048,829.0
832.536074549,834.0
832.784669887,825.0
833.03325506,831.0
833.281830066,817.0
833.530394905,810.0
833.778949575,825.0
834.027494074,842.0
834.276028402,826.0
834.524552556,828.0
834.773066536,823.0
835.02157034,832.0
835.270063967,825.0
835.518547415,825.0
835.767020684,820.0
836.015483771,833.0
836.263936675,831.0
836.512379396,825.0
836.76081193,817.0
837.009234279,836.0
837.257646439,836.0
837.506048409,829.0
837.754440189,818.0
838.002821776,834.0
838.25119317,831.0
838.499554369,827.0
838.747905371,824.0
838.996246176,815.0
839.244576782,825.0
839.492897188,823.0
839.741207391,822.0
839.989507392,820.0
840.237797188,819.0
840.486076778,824.0
840.734346161,827.0
840.982605335,823.0
841.2308543,819.0
841.479093053,817.0
841.727321593,822.0
841.97553992,836.0
842.223748031,823.0
842.471945925,820.0
842.720133601,825.0
842.968311057,826.0
843.216478293,822.0
843.464635307,817.0
843.712782096,814.0
843.960918661,835.0
844.209045,830.0
844.457161111,827.0
844.705266993,817.0
844.953362644,818.0
845.201448064,818.0
845.449523251,824.0
845.697588203,814.0
845.945642919,825.0
846.193687398,824.0
846.441721638,829.0
846.689745639,818.0
846.937759398,812.0
847.185762914,831.0
847.433756187,832.0
847.681739214,826.0
847.929711994,823.0
848.177674526,826.0
848.425626809,830.0
848.67356884,836.0
848.92150062,818.0
849.169422146,812.0
849.417333417,816.0
849.665234431,823.0
849.913125188,829.0
850.161005686,824.0
850.408875924,829.0
850.6567359,826.0
850.904585612,820.0
851.15242506,828.0
851.400254243,834.0
851.648073158,835.0
851.895881804,832.0
852.14368018,822.0
852.391468286,826.0
852.639246118,824.0
852.887013677,848.0
853.13477096,840.0
853.382517966,835.0
853.630254694,828.0
853.877981143,825.0
854.12569731,822.0
854.373403196,833.0
854.621098798,832.0
854.868784115,834.0
855.116459145,817.0
855.364123888,822.0
855.611778342,824.0
855.859422506,827.0
856.107056378,827.0
856.354679956,809.0
856.60229324,819.0
856.849896229,828.0
857.09748892,825.0
857.345071312,823.0
857.592643405,821.0
857.840205196,817.0
858.087756684,817.0
858.335297869,821.0
858.582828748,824.0
858.83034932,807.0
859.077859584,824.0
859.325359539,831.0
859.572849183,827.0
859.820328514,824.0
860.067797532,813.0
860.315256235,824.0
860.562704622,831.0
860.810142691,825.0
861.057570441,832.0
861.304987871,833.0
861.552394978,820.0
861.799791763,823.0
862.047178223,814.0
862.294554357,825.0
862.541920164,824.0
862.789275643,818.0
863.036620791,819.0
863.283955609,827.0
863.531280093,827.0
863.778594244,827.0
864.025898059,817.0
864.273191537,825.0
864.520474677,819.0
864.767747478,822.0
865.015009938,830.0
865.262262055,826.0
865.509503829,830.0
865.756735258,834.0
866.003956341,829.0
866.251167076,814.0
866.498367462,823.0
866.745557497,829.0
866.992737181,829.0
867.239906512,832.0
867.487065488,837.0
867.734214108,825.0
867.981352371,823.0
868.228480276,821.0
868.47559782,830.0
868.722705003,826.0
868.969801824,824.0
869.21688828,820.0
869.463964372,831.0
869.711030096,829.0
869.958085452,818.0
870.205130439,822.0
870.452165054,817.0
870.699189298,828.0
870.946203168,826.0
871.193206663,824.0
871.440199782,825.0
871.687182523,828.0
871.934154885,824.0
872.181116866,821.0
872.428068466,831.0
872.675009683,824.0
872.921940515,823.0
873.168860961,829.0
873.41577102,823.0
873.662670691,812.0
873.909559971,820.0
874.15643886,825.0
874.403307357,833.0
874.650165459,833.0
874.897013166,821.0
875.143850477,828.0
875.390677389,823.0
875.637493901,824.0
875.884300013,836.0
876.131095723,830.0
876.377881029,833.0
876.62465593,819.0
876.871420424,822.0
877.118174511,833.0
877.364918189,835.0
877.611651457,814.0
877.858374313,807.0
878.105086755,820.0
878.351788783,822.0
878.598480396,820.0
878.845161591,812.0
879.091832367,814.0
879.338492724,816.0
879.585142659,821.0
879.831782171,825.0
880.07841126,825.0
880.325029923,829.0
880.571638159,831.0
880.818235967,817.0
881.064823346,812.0
881.311400293,824.0
881.557966809,812.0
881.804522891,810.0
882.051068538,827.0
882.297603749,836.0
882.544128522,812.0
882.790642856,813.0
883.037146749,820.0
883.283640201,824.0
883.530123209,817.0
883.776595774,822.0
884.023057892,829.0
884.269509563,821.0
884.515950785,812.0
884.762381558,812.0
885.008801879,813.0
885.255211747,811.0
885.501611162,823.0
885.748000121,826.0
885.994378623,822.0
886.240746667,822.0
886.487104252,835.0
886.733451375,824.0
886.979788037,821.0
887.226114235,825.0
887.472429968,835.0
887.718735234,830.0
887.965030033,818.0
888.211314363,826.0
888.457588223,821.0
888.70385161,828.0
888.950104525,826.0
889.196346965,820.0
889.442578929,820.0
889.688800416,819.0
889.935011425,837.0
890.181211953,837.0
890.427402,820.0
890.673581565,836.0
890.919750645,824.0
891.16590924,828.0
891.412057348,834.0
891.658194968,828.0
891.904322099,829.0
892.150438738,827.0
892.396544886,826.0
892.64264054,830.0
892.888725699,826.0
893.134800361,816.0
893.380864526,823.0
893.626918192,808.0
893.872961357,818.0
894.118994021,826.0
894.365016182,822.0
894.611027838,817.0
894.857028988,829.0
895.103019631,822.0
895.348999765,823.0
895.59496939,821.0
895.840928503,823.0
896.086877103,834.0
896.332815189,840.0
896.57874276,831.0
896.824659814,820.0
897.07056635,821.0
897.316462367,833.0
897.562347863,824.0
897.808222836,826.0
898.054087286,824.0
898.299941211,836.0
898.545784609,824.0
898.79161748,824.0
899.037439822,819.0
899.283251633,825.0
899.529052913,832.0
899.774843659,818.0
900.020623871,821.0
900.266393547,825.0
900.512152686,823.0
900.757901287,823.0
901.003639347,818.0
901.249366866,811.0
901.495083842,822.0
901.740790275,825.0
901.986486161,829.0
902.232171501,823.0
902.477846293,812.0
902.723510536,843.0
902.969164227,824.0
903.214807367,821.0
903.460439953,810.0
903.706061983,813.0
903.951673458,827.0
904.197274375,826.0
904.442864732,822.0
904.68844453,814.0
904.934013765,806.0
905.179572438,811.0
905.425120546,821.0
905.670658088,818.0
905.916185062,814.0
906.161701469,825.0
906.407207305,833.0
906.65270257,839.0
906.898187262,822.0
907.14366138,816.0
907.389124923,836.0
907.634577889,825.0
907.880020277,822.0
908.125452086,832.0
908.370873313,821.0
908.616283958,825.0
908.86168402,819.0
909.107073497,810.0
909.352452387,809.0
909.59782069,825.0
909.843178404,813.0
910.088525527,825.0
910.333862058,839.0
910.579187997,837.0
910.82450334,832.0
911.069808088,826.0
911.315102239,816.0
911.560385791,817.0
911.805658744,808.0
912.050921094,814.0
912.296172843,821.0
912.541413987,808.0
912.786644525,812.0
913.031864457,827.0
913.277073781,810.0
913.522272496,819.0
913.767460599,814.0
914.01263809,829.0
914.257804968,818.0
914.50296123,820.0
914.748106877,821.0
914.993241905,833.0
915.238366315,821.0
915.483480104,819.0
915.728583272,830.0
915.973675816,824.0
916.218757736,818.0
916.46382903,830.0
916.708889696,821.0
916.953939734,833.0
917.198979142,823.0
917.444007919,826.0
917.689026063,818.0
917.934033573,828.0
918.179030448,820.0
918.424016686,830.0
918.668992286,824.0
918.913957246,832.0
919.158911565,833.0
919.403855242,832.0
919.648788276,828.0
919.893710664,819.0
920.138622407,817.0
920.383523501,825.0
920.628413947,822.0
920.873293742,830.0
921.118162885,809.0
921.363021375,812.0
921.607869211,824.0
921.852706391,823.0
922.097532913,829.0
922.342348777,823.0
922.587153981,817.0
922.831948524,818.0
923.076732404,813.0
923.32150562,824.0
923.566268171,833.0
923.811020054,821.0
924.05576127,826.0
924.300491816,822.0
924.545211691,813.0
924.789920894,818.0
925.034619424,814.0
925.279307278,811.0
925.523984456,825.0
925.768650957,824.0
926.013306778,822.0
926.257951919,813.0
926.502586378,818.0
926.747210155,822.0
926.991823246,810.0
927.236425652,819.0
927.48101737,820.0
927.7255984,813.0
927.97016874,822.0
928.214728389,835.0
928.459277345,823.0
928.703815606,830.0
928.948343173,818.0
929.192860043,809.0
929.437366214,829.0
929.681861686,818.0
929.926346457,818.0
930.170820526,816.0
930.415283891,820.0
930.659736552,825.0
930.904178506,817.0
931.148609752,833.0
931.39303029,817.0
931.637440116,820.0
931.881839232,821.0
932.126227634,830.0
932.370605321,828.0
932.614972293,818.0
932.859328547,820.0
933.103674083,828.0
933.348008899,820.0
933.592332993,825.0
933.836646365,819.0
934.080949013,820.0
934.325240935,808.0
934.56952213,819.0
934.813792598,810.0
935.058052336,814.0
935.302301343,818.0
935.546539618,815.0
935.790767159,826.0
936.034983965,823.0
936.279190035,834.0
936.523385367,824.0
936.76756996,809.0
937.011743813,830.0
937.255906924,802.0
937.500059292,816.0
937.744200915,814.0
937.988331793,821.0
938.232451923,827.0
938.476561305,823.0
938.720659936,830.0
938.964747817,818.0
939.208824944,831.0
939.452891318,834.0
939.696946936,833.0
939.940991798,836.0
940.185025901,825.0
940.429049245,807.0
940.673061828,808.0
940.917063648,820.0
941.161054705,814.0
941.405034998,824.0
941.649004523,818.0
941.892963281,812.0
942.13691127,809.0
942.380848489,802.0
942.624774936,818.0
942.86869061,816.0
943.112595509,828.0
943.356489632,831.0
943.600372978,825.0
943.844245546,826.0
944.088107333,826.0
944.33195834,828.0
944.575798563,809.0
944.819628003,812.0
945.063446657,816.0
945.307254524,817.0
945.551051603,842.0
945.794837893,827.0
946.038613392,821.0
946.282378098,820.0
946.526132011,830.0
946.769875129,829.0
947.013607451,823.0
947.257328975,822.0
947.5010397,833.0
947.744739624,822.0
947.988428747,812.0
948.232107067,818.0
948.475774582,811.0
948.719431291,810.0
948.963077193,817.0
949.206712286,811.0
949.45033657,827.0
949.693950042,816.0
949.937552701,820.0
950.181144546,829.0
950.424725576,817.0
950.66829579,820.0
950.911855185,825.0
951.15540376,806.0
951.398941515,809.0
951.642468447,820.0
951.885984556,827.0
952.12948984,824.0
952.372984297,810.0
952.616467927,813.0
952.859940728,815.0
953.103402698,814.0
953.346853837,822.0
953.590294142,820.0
953.833723613,809.0
954.077142248,828.0
954.320550046,830.0
954.563947005,819.0
954.807333125,825.0
955.050708402,826.0
955.294072838,829.0
955.537426429,823.0
955.780769175,819.0
956.024101074,823.0
956.267422125,823.0
956.510732326,824.0
956.754031676,806.0
956.997320175,817.0
957.240597819,816.0
957.483864609,826.0
957.727120542,833.0
957.970365618,825.0
958.213599835,818.0
958.456823191,817.0
958.700035685,809.0
958.943237317,811.0
959.186428083,826.0
959.429607984,823.0
959.672777018,821.0
959.915935183,828.0
960.159082478,812.0
960.402218902,817.0
960.645344453,814.0
960.88845913,832.0
961.131562932,828.0
961.374655856,821.0
961.617737903,833.0
961.86080907,826.0
962.103869357,823.0
962.346918761,815.0
962.589957281,817.0
962.832984917,812.0
963.076001666,812.0
963.319007527,819.0
963.5620025,829.0
963.804986582,826.0
964.047959772,827.0
964.290922069,819.0
964.533873472,816.0
964.776813979,819.0
965.019743588,824.0
965.262662299,817.0
965.50557011,823.0
965.74846702,820.0
965.991353026,817.0
966.234228129,815.0
966.477092327,819.0
966.719945617,809.0
966.962788,816.0
967.205619473,820.0
967.448440035,810.0
967.691249685,812.0
967.934048421,816.0
968.176836243,819.0
968.419613148,810.0
968.662379135,818.0
968.905134203,823.0
969.147878351,829.0
969.390611577,825.0
969.63333388,822.0
969.876045259,821.0
970.118745711,823.0
970.361435237,826.0
970.604113833,823.0
970.8467815,820.0
971.089438235,821.0
971.332084038,820.0
971.574718907,824.0
971.81734284,827.0
972.059955837,826.0
972.302557895,821.0
972.545149014,825.0
972.787729192,827.0
973.030298428,815.0
973.27285672,814.0
973.515404067,817.0
973.757940468,824.0
974.000465921,828.0
974.242980425,818.0
974.485483979,824.0
974.727976581,830.0
974.970458229,827.0
975.212928924,830.0
975.455388662,816.0
975.697837443,804.0
975.940275266,827.0
976.182702128,833.0
976.425118029,817.0
976.667522968,820.0
976.909916942,833.0
977.152299952,829.0
977.394671994,827.0
977.637033068,836.0
977.879383173,818.0
978.121722306,832.0
978.364050468,835.0
978.606367656,816.0
978.848673869,824.0
979.090969105,826.0
979.333253364,824.0
979.575526644,820.0
979.817788944,809.0
980.060040262,828.0
980.302280596,828.0
980.544509946,823.0
980.78672831,832.0
981.028935687,818.0
981.271132076,826.0
981.513317474,833.0
981.755491881,840.0
981.997655295,832.0
982.239807716,829.0
982.481949141,825.0
982.724079569,810.0
982.966198999,815.0
983.208307429,823.0
983.450404859,824.0
983.692491286,829.0
983.93456671,821.0
984.176631129,823.0
984.418684541,823.0
984.660726946,824.0
984.902758341,829.0
985.144778727,818.0
985.3867881,817.0
985.628786461,813.0
985.870773806,815.0
986.112750136,821.0
986.354715449,829.0
986.596669743,809.0
986.838613017,810.0
987.08054527,811.0
987.3224665,824.0
987.564376706,828.0
987.806275887,815.0
988.048164041,821.0
988.290041167,811.0
988.531907263,831.0
988.773762328,833.0
989.015606362,818.0
989.257439361,817.0
989.499261326,817.0
989.741072254,828.0
989.982872144,822.0
990.224660996,829.0
990.466438807,812.0
990.708205576,830.0
990.949961302,827.0
991.191705984,825.0
991.43343962,813.0
991.675162208,816.0
991.916873748,828.0
992.158574238,834.0
992.400263677,833.0
992.641942063,832.0
992.883609395,819.0
993.125265671,823.0
993.366910891,829.0
993.608545052,825.0
993.850168154,821.0
994.091780195,832.0
994.333381174,821.0
994.57497109,825.0
994.81654994,830.0
995.058117724,814.0
995.29967444,836.0
995.541220088,826.0
995.782754664,837.0
996.024278169,841.0
996.265790601,827.0
996.507291959,825.0
996.74878224,821.0
996.990261445,815.0
997.23172957,828.0
997.473186616,821.0
997.71463258,820.0
997.956067462,825.0
998.19749126,827.0
998.438903972,812.0
998.680305597,824.0
998.921696135,818.0
999.163075583,811.0
999.404443939,821.0
999.645801204,816.0
999.887147375,820.0
1000.12848245,829.0
1000.36980643,819.0
1000.61111931,827.0
1000.8524211,833.0
1001.09371178,826.0
1001.33499136,811.0
1001.57625984,812.0
1001.81751721,814.0
1002.05876348,832.0
1002.29999864,832.0
1002.54122269,832.0
1002.78243563,837.0
1003.02363746,819.0
1003.26482818,818.0
1003.50600778,829.0
1003.74717627,823.0
1003.98833364,814.0
1004.22947989,823.0
1004.47061503,835.0
1004.71173904,814.0
1004.95285193,820.0
1005.1939537,818.0
1005.43504434,831.0
1005.67612386,840.0
1005.91719224,817.0
1006.1582495,819.0
1006.39929563,826.0
1006.64033063,818.0
1006.88135449,819.0
1007.12236722,829.0
1007.36336881,826.0
1007.60435927,824.0
1007.84533859,818.0
1008.08630676,822.0
1008.3272638,824.0
1008.56820969,818.0
1008.80914444,826.0
1009.05006804,814.0
1009.2909805,819.0
1009.53188181,832.0
1009.77277197,839.0
1010.01365098,831.0
1010.25451883,819.0
1010.49537554,814.0
1010.73622108,818.0
1010.97705548,826.0
1011.21787871,825.0
1011.45869078,822.0
1011.6994917,821.0
1011.94028145,811.0
1012.18106004,827.0
1012.42182746,820.0
1012.66258372,825.0
1012.90332881,822.0
1013.14406274,832.0
1013.38478549,832.0
1013.62549707,832.0
1013.86619748,831.0
1014.10688672,842.0
1014.34756478,821.0
1014.58823166,826.0
1014.82888736,832.0
1015.06953189,821.0
1015.31016523,819.0
1015.55078739,829.0
1015.79139837,833.0
1016.03199817,836.0
1016.27258677,822.0
1016.51316419,824.0
1016.75373042,823.0
1016.99428546,819.0
1017.23482931,819.0
1017.47536197,830.0
1017.71588343,820.0
1017.95639369,823.0
1018.19689276,829.0
1018.43738063,835.0
1018.67785729,828.0
1018.91832276,818.0
1019.15877703,821.0
1019.39922009,825.0
1019.63965194,818.0
1019.88007259,834.0
1020.12048203,817.0
1020.36088026,818.0
1020.60126728,808.0
1020.84164309,821.0
1021.08200768,821.0
1021.32236106,829.0
1021.56270323,813.0
1021.80303417,818.0
1022.0433539,815.0
1022.2836624,822.0
1022.52395969,839.0
1022.76424575,826.0
1023.00452058,822.0
1023.24478419,833.0
1023.48503658,805.0
1023.72527773,833.0
1023.96550766,830.0
1024.20572635,821.0
1024.44593381,817.0
1024.68613004,821.0
1024.92631503,819.0
1025.16648878,827.0
1025.4066513,820.0
1025.64680257,826.0
1025.88694261,818.0
1026.1270714,816.0
1026.36718895,816.0
1026.60729526,820.0
1026.84739031,812.0
1027.08747413,807.0
1027.32754669,830.0
1027.567608,832.0
1027.80765806,826.0
1028.04769686,813.0
1028.28772442,832.0
1028.52774071,837.0
1028.76774575,828.0
1029.00773953,813.0
1029.24772205,822.0
1029.48769331,823.0
1029.72765331,814.0
1029.96760204,819.0
1030.20753951,814.0
1030.44746571,821.0
1030.68738064,813.0
1030.9272843,815.0
1031.16717669,826.0
1031.40705781,832.0
1031.64692766,819.0
1031.88678623,818.0
1032.12663352,825.0
1032.36646954,828.0
1032.60629427,823.0
1032.84610773,833.0
1033.08590991,830.0
1033.3257008,828.0
1033.56548041,819.0
1033.80524873,826.0
1034.04500576,825.0
1034.28475151,818.0
1034.52448596,816.0
1034.76420913,827.0
1035.003921,836.0
1035.24362158,826.0
1035.48331086,813.0
1035.72298885,820.0
1035.96265553,828.0
1036.20231092,832.0
1036.44195501,819.0
1036.68158779,820.0
1036.92120927,816.0
1037.16081945,833.0
1037.40041832,822.0
1037.64000588,810.0
1037.87958214,809.0
1038.11914708,843.0
1038.35870071,830.0
1038.59824303,828.0
1038.83777403,836.0
1039.07729372,837.0
1039.31680209,823.0
1039.55629914,830.0
1039.79578487,832.0
1040.03525928,836.0
1040.27472237,830.0
1040.51417413,825.0
1040.75361457,822.0
1040.99304368,836.0
1041.23246146,824.0
1041.47186792,813.0
1041.71126304,811.0
1041.95064683,812.0
1042.19001929,820.0
1042.42938041,833.0
1042.6687302,830.0
1042.90806864,817.0
1043.14739575,808.0
1043.38671152,828.0
1043.62601595,820.0
1043.86530903,821.0
1044.10459077,823.0
1044.34386116,821.0
1044.58312021,822.0
1044.82236791,812.0
1045.06160425,816.0
1045.30082925,826.0
1045.54004289,825.0
1045.77924518,822.0
1046.01843612,825.0
1046.25761569,833.0
1046.49678391,832.0
1046.73594077,828.0
1046.97508627,828.0
1047.21422041,828.0
1047.45334318,825.0
1047.69245459,822.0
1047.93155463,826.0
1048.1706433,822.0
1048.40972061,818.0
1048.64878654,822.0
1048.8878411,813.0
1049.12688429,823.0
1049.36591611,820.0
1049.60493654,817.0
1049.84394561,821.0
1050.08294329,825.0
1050.32192959,818.0
1050.56090451,823.0
1050.79986805,822.0
1051.03882021,824.0
1051.27776098,820.0
1051.51669036,829.0
1051.75560835,827.0
1051.99451496,816.0
1052.23341017,810.0
1052.47229399,819.0
1052.71116642,822.0
1052.95002746,816.0
1053.18887709,813.0
1053.42771533,823.0
1053.66654217,818.0
1053.90535761,827.0
1054.14416165,838.0
1054.38295429,833.0
1054.62173552,820.0
1054.86050534,826.0
1055.09926376,837.0
1055.33801077,829.0
1055.57674636,833.0
1055.81547055,834.0
1056.05418333,824.0
1056.29288469,825.0
1056.53157463,813.0
1056.77025316,814.0
1057.00892027,836.0
1057.24757596,830.0
1057.48622023,817.0
1057.72485308,830.0
1057.9634745,809.0
1058.2020845,828.0
1058.44068307,826.0
1058.67927022,837.0
1058.91784593,829.0
1059.15641022,829.0
1059.39496307,813.0
1059.63350449,818.0
1059.87203448,809.0
1060.11055303,814.0
1060.34906014,821.0
1060.58755582,829.0
1060.82604005,837.0
1061.06451284,824.0
1061.30297419,824.0
1061.5414241,821.0
1061.77986256,828.0
1062.01828958,820.0
1062.25670514,803.0
1062.49510926,819.0
1062.73350192,823.0
1062.97188314,824.0
1063.2102529,819.0
1063.4486112,821.0
1063.68695805,816.0
1063.92529344,823.0
1064.16361737,832.0
1064.40192984,822.0
1064.64023085,814.0
1064.8785204,813.0
1065.11679848,832.0
1065.35506509,827.0
1065.59332024,828.0
1065.83156392,820.0
1066.06979613,816.0
1066.30801687,819.0
1066.54622614,819.0
1066.78442393,815.0
1067.02261025,814.0
1067.26078509,834.0
1067.49894845,821.0
1067.73710033,820.0
1067.97524073,812.0
1068.21336965,828.0
1068.45148708,826.0
1068.68959303,837.0
1068.9276875,816.0
1069.16577047,813.0
1069.40384196,829.0
1069.64190196,828.0
1069.87995046,822.0
1070.11798748,814.0
1070.35601299,819.0
1070.59402701,832.0
1070.83202954,835.0
1071.07002056,827.0
1071.30800009,814.0
1071.54596811,820.0
1071.78392463,825.0
1072.02186965,824.0
1072.25980316,815.0
1072.49772517,822.0
1072.73563567,822.0
1072.97353465,814.0
1073.21142213,826.0
1073.4492981,827.0
1073.68716255,837.0
1073.92501548,827.0
1074.1628569,830.0
1074.4006868,835.0
1074.63850519,820.0
1074.87631205,820.0
1075.11410739,827.0
1075.35189121,829.0
1075.5896635,824.0
1075.82742427,814.0
1076.06517351,830.0
1076.30291122,833.0
1076.5406374,821.0
1076.77835205,832.0
1077.01605517,813.0
1077.25374675,823.0
1077.4914268,820.0
1077.72909531,820.0
1077.96675228,837.0
1078.20439771,827.0
1078.44203161,824.0
1078.67965396,819.0
1078.91726476,821.0
1079.15486402,823.0
1079.39245174,823.0
1079.63002791,822.0
1079.86759253,816.0
1080.10514559,827.0
1080.34268711,831.0
1080.58021707,822.0
1080.81773548,821.0
1081.05524233,821.0
1081.29273763,820.0
1081.53022137,820.0
1081.76769354,832.0
1082.00515416,824.0
1082.24260321,821.0
1082.4800407,812.0
1082.71746662,821.0
1082.95488098,826.0
1083.19228377,820.0
1083.42967499,831.0
1083.66705463,825.0
1083.90442271,828.0
1084.14177921,836.0
1084.37912414,826.0
1084.61645749,830.0
1084.85377926,831.0
1085.09108946,833.0
1085.32838807,838.0
1085.5656751,824.0
1085.80295055,816.0
1086.04021442,821.0
1086.27746669,817.0
1086.51470739,836.0
1086.75193649,822.0
1086.989154,812.0
1087.22635992,825.0
1087.46355425,832.0
1087.70073698,820.0
1087.93790812,826.0
1088.17506766,822.0
1088.41221561,815.0
1088.64935195,822.0
1088.8864767,810.0
1089.12358984,825.0
1089.36069138,810.0
1089.59778131,812.0
1089.83485964,813.0
1090.07192635,815.0
1090.30898146,821.0
1090.54602496,829.0
1090.78305685,819.0
1091.02007712,831.0
1091.25708578,831.0
1091.49408283,836.0
1091.73106825,820.0
1091.96804206,824.0
1092.20500425,828.0
1092.44195482,816.0
1092.67889376,820.0
1092.91582108,812.0
1093.15273678,811.0
1093.38964084,818.0
1093.62653328,821.0
1093.86341409,820.0
1094.10028327,822.0
1094.33714082,824.0
1094.57398673,816.0
1094.81082101,822.0
1095.04764365,815.0
1095.28445466,817.0
1095.52125402,819.0
1095.75804175,821.0
1095.99481783,816.0
1096.23158227,817.0
1096.46833507,805.0
1096.70507622,828.0
1096.94180572,836.0
1097.17852357,828.0
1097.41522977,812.0
1097.65192433,822.0
1097.88860723,813.0
1098.12527847,828.0
1098.36193806,838.0
1098.598586,827.0
1098.83522227,822.0
1099.07184689,825.0
1099.30845984,809.0
1099.54506113,800.0
1099.78165076,806.0
1100.01822873,821.0
1100.25479502,829.0
1100.49134965,822.0
1100.72789261,826.0
1100.9644239,821.0
1101.20094352,819.0
1101.43745147,822.0
1101.67394774,816.0
1101.91043234,820.0
1102.14690525,821.0
1102.38336649,822.0
1102.61981605,824.0
1102.85625393,814.0
1103.09268012,825.0
1103.32909464,825.0
1103.56549746,820.0
1103.8018886,820.0
1104.03826805,826.0
1104.27463581,824.0
1104.51099188,824.0
1104.74733626,825.0
1104.98366894,828.0
1105.21998993,828.0
1105.45629923,818.0
1105.69259682,818.0
1105.92888272,821.0
1106.16515692,825.0
1106.40141941,834.0
1106.6376702,828.0
1106.87390929,827.0
1107.11013667,817.0
1107.34635234,820.0
1107.58255631,820.0
1107.81874856,811.0
1108.0549291,813.0
1108.29109793,818.0
1108.52725505,818.0
1108.76340045,817.0
1108.99953414,825.0
1109.2356561,826.0
1109.47176635,840.0
1109.70786488,826.0
1109.94395168,823.0
1110.18002676,817.0
1110.41609012,813.0
1110.65214174,821.0
1110.88818165,823.0
1111.12420982,818.0
1111.36022626,822.0
1111.59623097,820.0
1111.83222394,807.0
1112.06820519,821.0
1112.30417469,820.0
1112.54013246,824.0
1112.77607849,824.0
1113.01201278,825.0
1113.24793533,828.0
1113.48384614,827.0
1113.7197452,828.0
1113.95563252,827.0
1114.19150809,826.0
1114.42737191,811.0
1114.66322398,823.0
1114.8990643,832.0
1115.13489287,812.0
1115.37070969,821.0
1115.60651475,818.0
1115.84230805,809.0
1116.0780896,816.0
1116.31385939,825.0
1116.54961741,824.0
1116.78536368,817.0
1117.02109818,836.0
1117.25682092,824.0
1117.49253189,823.0
1117.7282311,819.0
1117.96391853,842.0
1118.1995942,835.0
1118.43525809,828.0
1118.67091021,830.0
1118.90655056,829.0
1119.14217913,824.0
1119.37779593,821.0
1119.61340095,829.0
1119.84899418,821.0
1120.08457564,828.0
1120.32014532,827.0
1120.55570321,826.0
1120.79124931,823.0
1121.02678363,828.0
1121.26230617,828.0
1121.49781691,829.0
1121.73331586,831.0
1121.96880302,840.0
1122.20427839,827.0
1122.43974196,826.0
1122.67519374,825.0
1122.91063372,818.0
1123.1460619,826.0
1123.38147828,827.0
1123.61688286,838.0
1123.85227564,834.0
1124.08765661,834.0
1124.32302578,834.0
1124.55838314,834.0
1124.7937287,834.0
1125.02906244,834.0
1125.26438437,834.0
1125.49969449,834.0
1125.7349928,834.0
1125.97027929,834.0
1126.20555397,834.0
1126.44081682,834.0
1126.67606786,834.0
1126.91130708,834.0
1127.14653448,834.0
1127.38175005,834.0
1127.6169538,834.0
1127.85214572,834.0
1128.08732582,834.0
1128.32249409,834.0
1128.55765052,834.0
1128.79279513,834.0
1129.0279279,834.0
1129.26304884,834.0
1129.49815794,834.0
1129.73325521,834.0
1129.96834064,834.0
1130.20341423,834.0
1130.43847598,834.0
1130.67352588,834.0
1130.90856394,834.0
1131.14359016,834.0
1131.37860453,834.0
1131.61360705,834.0
1131.84859773,834.0
1132.08357655,834.0
1132.31854352,834.0
1132.55349864,834.0
1132.78844191,834.0
1133.02337332,834.0
1133.25829287,834.0
1133.49320056,834.0
1133.72809639,834.0
1133.96298036,834.0
1134.19785247,834.0
1134.43271272,834.0
1134.6675611,834.0
1134.90239761,834.0
1135.13722225,834.0
1135.37203503,834.0
1135.60683593,834.0
1135.84162496,834.0
1136.07640212,834.0
1136.3111674,834.0
1136.54592081,834.0
1136.78066234,834.0
1137.01539199,834.0
1137.25010976,834.0
1137.48481564,834.0
1137.71950965,834.0
1137.95419177,834.0
1138.188862,834.0
1138.42352035,834.0
1138.65816681,834.0
1138.89280137,834.0
1139.12742405,834.0
1139.36203483,834.0
1139.59663372,834.0
1139.83122072,834.0
1140.06579582,834.0
1140.30035902,834.0
1140.53491032,834.0
1140.76944972,834.0
1141.00397721,834.0
1141.23849281,834.0
1141.47299649,834.0
1141.70748828,834.0
1141.94196815,834.0
1142.17643612,834.0
1142.41089217,834.0
1142.64533631,834.0
1142.87976854,834.0
1143.11418886,834.0
1143.34859726,834.0
1143.58299374,834.0
1143.8173783,834.0
1144.05175095,834.0
1144.28611167,834.0
1144.52046047,834.0
1144.75479734,834.0
1144.98912229,834.0
1145.22343532,834.0
1145.45773641,834.0
1145.69202558,834.0
1145.92630281,834.0
1146.16056811,834.0
1146.39482148,834.0
1146.62906292,834.0
1146.86329241,834.0
1147.09750997,834.0
1147.3317156,834.0
1147.56590928,834.0
1147.80009101,834.0
1148.03426081,834.0
1148.26841866,834.0
1148.50256457,834.0
1148.73669852,834.0
1148.97082053,834.0
1149.20493059,834.0
1149.4390287,834.0
1149.67311485,834.0
1149.90718905,834.0
1150.1412513,834.0
1150.37530159,834.0
1150.60933992,834.0
1150.84336629,834.0
1151.0773807,834.0
1151.31138315,834.0
1151.54537363,834.0
1151.77935215,834.0
1152.0133187,834.0
1152.24727329,834.0
1152.48121591,834.0
1152.71514655,834.0
1152.94906523,834.0
1153.18297193,834.0
1153.41686665,834.0
1153.6507494,834.0
1153.88462018,834.0
1154.11847897,834.0
1154.35232579,834.0
1154.58616062,834.0
1154.81998347,834.0
1155.05379434,834.0
1155.28759322,834.0
1155.52138011,834.0
1155.75515502,834.0
1155.98891793,834.0
1156.22266886,834.0
1156.45640779,834.0
1156.69013473,834.0
1156.92384968,834.0
1157.15755263,834.0
1157.39124358,834.0
1157.62492253,834.0
1157.85858948,834.0
1158.09224443,834.0
1158.32588737,834.0
1158.55951832,834.0
1158.79313725,834.0
1159.02674418,834.0
1159.2603391,834.0
1159.49392201,834.0
1159.72749291,834.0
1159.9610518,834.0
1160.19459867,834.0
1160.42813352,834.0
1160.66165636,834.0
1160.89516719,834.0
1161.12866599,834.0
1161.36215277,834.0
1161.59562753,834.0
1161.82909026,834.0
1162.06254097,834.0
1162.29597966,834.0
1162.52940631,834.0
1162.76282094,834.0
1162.99622354,834.0
1163.2296141,834.0
1163.46299263,834.0
1163.69635913,834.0
1163.92971359,834.0
1164.16305602,834.0
1164.3963864,834.0
1164.62970475,834.0
1164.86301105,834.0
1165.09630531,834.0
1165.32958753,834.0
1165.5628577,834.0
1165.79611583,834.0
1166.0293619,834.0
1166.26259593,834.0
1166.49581791,834.0
1166.72902783,834.0